0 22
0 14
0 24
0 23
0 8
0 9
0 13
0 12
0 25
0 11
1 201
1 55
1 174
1 44
1 51
1 162
1 72
1 178
1 31
1 54
2 5
2 10
2 6
2 33
2 18
2 35
2 4
2 20
2 26
2 28
3 39
3 21
3 30
3 32
3 17
3 15
3 7
3 19
3 29
3 36
4 5
4 10
4 33
4 6
4 18
4 35
4 20
4 26
4 2
4 28
5 18
5 27
5 4
5 2
5 33
5 26
5 37
5 20
5 28
5 35
6 33
6 27
6 35
6 4
6 28
6 26
6 18
6 20
6 2
6 10
7 39
7 30
7 21
7 29
7 17
7 15
7 36
7 32
7 3
7 19
8 38
8 9
8 0
8 25
8 24
8 23
8 22
8 13
8 11
8 14
9 22
9 14
9 24
9 23
9 8
9 13
9 12
9 25
9 11
9 0
10 33
10 35
10 6
10 28
10 4
10 26
10 16
10 18
10 20
10 2
11 38
11 9
11 0
11 25
11 24
11 23
11 22
11 13
11 8
11 14
12 22
12 14
12 24
12 23
12 8
12 9
12 13
12 25
12 11
12 0
13 22
13 12
13 23
13 9
13 0
13 25
13 24
13 8
13 11
13 14
14 34
14 0
14 24
14 25
14 23
14 22
14 13
14 8
14 11
14 38
15 34
15 30
15 17
15 29
15 7
15 3
15 32
15 19
15 36
15 21
16 35
16 6
16 28
16 26
16 4
16 18
16 20
16 39
16 2
16 10
17 34
17 32
17 30
17 21
17 19
17 3
17 15
17 7
17 36
17 29
18 33
18 16
18 35
18 10
18 4
18 6
18 20
18 26
18 2
18 28
19 34
19 32
19 30
19 21
19 15
19 17
19 36
19 3
19 7
19 29
20 27
20 6
20 5
20 18
20 4
20 33
20 35
20 26
20 2
20 28
21 39
21 15
21 7
21 19
21 32
21 3
21 36
21 29
21 30
21 17
22 0
22 23
22 24
22 25
22 13
22 8
22 34
22 11
22 38
22 14
23 25
23 0
23 24
23 22
23 13
23 8
23 34
23 11
23 38
23 14
24 38
24 9
24 0
24 25
24 23
24 22
24 13
24 8
24 11
24 14
25 22
25 14
25 24
25 23
25 8
25 9
25 13
25 12
25 11
25 0
26 27
26 6
26 5
26 18
26 33
26 35
26 4
26 20
26 2
26 28
27 6
27 2
27 4
27 5
27 35
27 33
27 37
27 20
27 26
27 28
28 10
28 6
28 5
28 18
28 4
28 33
28 35
28 20
28 26
28 2
29 39
29 17
29 15
29 30
29 21
29 32
29 3
29 19
29 7
29 36
30 39
30 15
30 7
30 17
30 19
30 32
30 3
30 29
30 21
30 36
31 174
31 44
31 51
31 54
31 183
31 178
31 72
31 201
31 1
31 162
32 39
32 17
32 15
32 19
32 7
32 21
32 30
32 3
32 36
32 29
33 18
33 4
33 2
33 28
33 26
33 27
33 20
33 5
33 37
33 35
34 0
34 23
34 24
34 25
34 22
34 13
34 8
34 11
34 38
34 14
35 18
35 4
35 27
35 2
35 28
35 26
35 37
35 20
35 5
35 33
36 39
36 17
36 15
36 32
36 7
36 3
36 29
36 19
36 30
36 21
37 18
37 4
37 2
37 26
37 28
37 20
37 27
37 5
37 33
37 35
38 25
38 0
38 24
38 23
38 22
38 13
38 8
38 34
38 11
38 14
39 35
39 6
39 28
39 26
39 4
39 16
39 18
39 20
39 2
39 10
40 66
40 45
40 79
40 75
40 73
40 68
40 64
40 58
40 63
40 60
41 62
41 52
41 49
41 61
41 56
41 42
41 71
41 70
41 69
41 65
42 48
42 52
42 49
42 61
42 56
42 41
42 71
42 70
42 69
42 65
43 56
43 69
43 48
43 62
43 78
43 52
43 77
43 74
43 57
43 47
44 175
44 162
44 178
44 183
44 55
44 174
44 51
44 171
44 72
44 54
45 79
45 73
45 75
45 68
45 50
45 67
45 53
45 66
45 58
45 63
46 68
46 58
46 75
46 63
46 45
46 59
46 67
46 53
46 50
46 66
47 56
47 69
47 48
47 62
47 78
47 52
47 77
47 74
47 43
47 57
48 56
48 62
48 69
48 52
48 78
48 57
48 74
48 47
48 77
48 43
49 62
49 52
49 61
49 56
49 42
49 41
49 71
49 70
49 69
49 65
50 46
50 59
50 68
50 63
50 58
50 75
50 66
50 53
50 67
50 45
51 152
51 174
51 44
51 171
51 54
51 183
51 178
51 55
51 72
51 162
52 56
52 48
52 74
52 77
52 78
52 62
52 43
52 57
52 69
52 47
53 46
53 59
53 75
53 68
53 66
53 45
53 63
53 50
53 58
53 67
54 175
54 171
54 44
54 55
54 162
54 174
54 178
54 51
54 183
54 72
55 186
55 175
55 51
55 171
55 183
55 44
55 178
55 168
55 72
55 54
56 62
56 57
56 69
56 77
56 74
56 47
56 65
56 48
56 43
56 52
57 56
57 48
57 69
57 77
57 62
57 78
57 74
57 43
57 52
57 47
58 53
58 73
58 79
58 67
58 75
58 68
58 50
58 66
58 63
58 45
59 68
59 58
59 66
59 75
59 63
59 45
59 53
59 50
59 46
59 67
60 66
60 45
60 79
60 75
60 73
60 68
60 64
60 40
60 58
60 63
61 62
61 52
61 69
61 56
61 65
61 42
61 49
61 71
61 70
61 41
62 56
62 48
62 74
62 77
62 78
62 43
62 47
62 52
62 57
62 69
63 79
63 73
63 53
63 67
63 66
63 50
63 45
63 58
63 75
63 68
64 66
64 45
64 75
64 79
64 60
64 40
64 58
64 73
64 68
64 63
65 74
65 77
65 57
65 47
65 52
65 48
65 62
65 43
65 69
65 56
66 79
66 73
66 68
66 75
66 67
66 53
66 45
66 50
66 63
66 58
67 46
67 68
67 59
67 63
67 58
67 75
67 66
67 53
67 45
67 50
68 60
68 73
68 67
68 79
68 50
68 66
68 45
68 63
68 58
68 75
69 56
69 48
69 74
69 77
69 78
69 43
69 47
69 52
69 57
69 62
70 62
70 52
70 49
70 61
70 56
70 42
70 41
70 71
70 69
70 65
71 62
71 52
71 42
71 41
71 65
71 56
71 69
71 49
71 70
71 61
72 175
72 171
72 183
72 54
72 51
72 174
72 44
72 55
72 162
72 178
73 66
73 45
73 58
73 63
73 75
73 68
73 40
73 60
73 64
73 79
74 56
74 69
74 62
74 52
74 48
74 57
74 47
74 43
74 77
74 78
75 79
75 73
75 68
75 50
75 67
75 53
75 45
75 66
75 58
75 63
76 69
76 52
76 62
76 57
76 47
76 43
76 74
76 77
76 78
76 48
77 56
77 69
77 62
77 52
77 78
77 57
77 47
77 43
77 48
77 74
78 56
78 69
78 62
78 48
78 77
78 74
78 47
78 57
78 43
78 52
79 66
79 45
79 64
79 60
79 40
79 58
79 73
79 68
79 63
79 75
80 124
80 156
80 100
80 103
80 117
80 84
80 116
80 163
80 165
80 198
81 207
81 221
81 85
81 95
81 94
81 92
81 102
81 107
81 118
81 91
82 186
82 168
82 167
82 93
82 89
82 96
82 110
82 171
82 175
82 112
83 51
83 152
83 104
83 105
83 99
83 97
83 113
83 101
83 87
83 119
84 230
84 103
84 198
84 117
84 194
84 80
84 165
84 163
84 182
84 177
85 221
85 81
85 231
85 102
85 108
85 91
85 88
85 114
85 115
85 109
86 84
86 116
86 111
86 103
86 80
86 98
86 117
86 100
86 106
86 90
87 51
87 152
87 105
87 97
87 99
87 104
87 83
87 101
87 113
87 119
88 81
88 221
88 102
88 231
88 85
88 114
88 109
88 115
88 108
88 91
89 175
89 171
89 178
89 162
89 174
89 82
89 96
89 112
89 93
89 110
90 182
90 84
90 117
90 103
90 80
90 98
90 106
90 100
90 111
90 86
91 220
91 207
91 102
91 221
91 81
91 115
91 109
91 85
91 114
91 88
92 207
92 221
92 85
92 95
92 94
92 102
92 107
92 118
92 91
92 81
93 197
93 192
93 174
93 185
93 199
93 82
93 112
93 89
93 96
93 110
94 207
94 221
94 85
94 91
94 102
94 81
94 92
94 95
94 118
94 107
95 207
95 221
95 85
95 94
95 92
95 102
95 107
95 118
95 91
95 81
96 171
96 175
96 110
96 162
96 174
96 178
96 82
96 112
96 93
96 89
97 51
97 152
97 104
97 105
97 99
97 87
97 119
97 83
97 113
97 101
98 86
98 117
98 177
98 84
98 194
98 182
98 90
98 111
98 100
98 106
99 51
99 152
99 97
99 101
99 104
99 87
99 105
99 83
99 113
99 119
100 182
100 84
100 98
100 86
100 80
100 106
100 117
100 111
100 103
100 90
101 51
101 152
101 104
101 97
101 99
101 87
101 83
101 105
101 113
101 119
102 115
102 91
102 85
102 81
102 109
102 95
102 107
102 94
102 92
102 118
103 84
103 100
103 140
103 131
103 156
103 80
103 117
103 116
103 124
103 108
104 93
104 152
104 105
104 99
104 101
104 119
104 87
104 97
104 83
104 113
105 51
105 152
105 104
105 87
105 119
105 97
105 99
105 101
105 83
105 113
106 86
106 117
106 177
106 84
106 194
106 182
106 90
106 98
106 111
106 100
107 207
107 221
107 85
107 91
107 102
107 81
107 92
107 94
107 95
107 118
108 157
108 149
108 132
108 116
108 115
108 114
108 88
108 85
108 109
108 103
109 81
109 221
109 102
109 85
109 108
109 114
109 88
109 231
109 91
109 115
110 178
110 171
110 175
110 183
110 93
110 168
110 89
110 112
110 82
110 96
111 80
111 117
111 106
111 100
111 98
111 177
111 90
111 182
111 86
111 194
112 175
112 171
112 178
112 82
112 110
112 89
112 93
112 96
112 174
112 162
113 51
113 152
113 105
113 104
113 99
113 101
113 87
113 83
113 97
113 119
114 157
114 102
114 231
114 221
114 108
114 85
114 109
114 88
114 115
114 91
115 81
115 221
115 102
115 231
115 109
115 114
115 91
115 108
115 88
115 85
116 117
116 115
116 149
116 108
116 103
116 80
116 124
116 156
116 131
116 140
117 111
117 84
117 90
117 163
117 116
117 86
117 103
117 100
117 80
117 198
118 207
118 221
118 85
118 95
118 94
118 92
118 102
118 107
118 91
118 81
119 51
119 152
119 104
119 105
119 99
119 101
119 87
119 83
119 97
119 113
120 80
120 103
120 156
120 140
120 131
120 124
120 145
120 159
120 133
120 126
121 188
121 155
121 151
121 180
121 146
121 141
121 139
121 125
121 110
121 147
122 201
122 138
122 144
122 136
122 130
122 129
122 150
122 152
122 153
122 147
123 128
123 154
123 143
123 127
123 132
123 134
123 135
123 142
123 157
123 158
124 157
124 80
124 108
124 132
124 131
124 156
124 103
124 149
124 116
124 140
125 168
125 110
125 167
125 147
125 151
125 146
125 139
125 141
125 155
125 121
126 80
126 103
126 140
126 156
126 131
126 124
126 159
126 120
126 145
126 133
127 128
127 154
127 143
127 134
127 142
127 135
127 132
127 157
127 158
127 123
128 157
128 123
128 127
128 142
128 148
128 137
128 135
128 134
128 154
128 158
129 201
129 147
129 152
129 150
129 130
129 122
129 138
129 153
129 144
129 136
130 230
130 201
130 152
130 150
130 153
130 144
130 129
130 138
130 136
130 122
131 143
131 157
131 103
131 108
131 116
131 132
131 140
131 149
131 124
131 156
132 154
132 149
132 127
132 158
132 157
132 143
132 142
132 135
132 123
132 134
133 80
133 103
133 145
133 120
133 124
133 156
133 126
133 159
133 140
133 131
134 157
134 123
134 127
134 142
134 148
134 137
134 158
134 135
134 154
134 128
135 157
135 123
135 127
135 142
135 148
135 137
135 158
135 134
135 154
135 128
136 183
136 201
136 152
136 138
136 129
136 150
136 122
136 144
136 130
136 153
137 157
137 123
137 127
137 142
137 158
137 128
137 134
137 135
137 154
137 148
138 201
138 147
138 152
138 150
138 130
138 129
138 122
138 153
138 136
138 144
139 167
139 183
139 168
139 141
139 146
139 121
139 125
139 155
139 147
139 151
140 143
140 157
140 103
140 108
140 132
140 116
140 149
140 156
140 131
140 124
141 188
141 180
141 110
141 147
141 146
141 139
141 155
141 125
141 151
141 121
142 128
142 154
142 143
142 132
142 134
142 157
142 158
142 135
142 127
142 123
143 128
143 154
143 134
143 142
143 132
143 127
143 123
143 157
143 158
143 135
144 147
144 201
144 138
144 136
144 130
144 129
144 122
144 150
144 153
144 152
145 80
145 103
145 156
145 140
145 131
145 124
145 159
145 120
145 126
145 133
146 168
146 150
146 141
146 152
146 151
146 121
146 139
146 155
146 125
146 147
147 174
147 162
147 151
147 121
147 152
147 125
147 150
147 146
147 139
147 155
148 157
148 123
148 127
148 142
148 158
148 128
148 134
148 135
148 154
148 137
149 124
149 127
149 157
149 131
149 143
149 142
149 132
149 140
149 123
149 156
150 54
150 144
150 138
150 136
150 147
150 130
150 129
150 122
150 152
150 153
151 188
151 180
151 110
151 146
151 147
151 139
151 141
151 121
151 155
151 125
152 179
152 105
152 162
152 44
152 174
152 147
152 51
152 199
152 150
152 54
153 147
153 122
153 129
153 130
153 136
153 138
153 144
153 150
153 201
153 152
154 157
154 123
154 127
154 142
154 148
154 128
154 137
154 135
154 134
154 158
155 168
155 167
155 110
155 147
155 141
155 151
155 146
155 125
155 121
155 139
156 80
156 157
156 132
156 108
156 103
156 124
156 131
156 116
156 140
156 149
157 149
157 154
157 143
157 142
157 127
157 123
157 158
157 135
157 132
157 134
158 157
158 148
158 137
158 128
158 127
158 123
158 134
158 154
158 135
158 142
159 80
159 103
159 140
159 156
159 131
159 124
159 120
159 126
159 145
159 133
160 190
160 167
160 193
160 172
160 191
160 195
160 189
160 186
160 185
160 173
161 189
161 190
161 187
161 166
161 196
161 185
161 193
161 192
161 191
161 197
162 160
162 167
162 173
162 168
162 175
162 171
162 174
162 178
162 186
162 183
163 100
163 80
163 84
163 117
163 103
163 182
163 198
163 194
163 165
163 177
164 173
164 178
164 183
164 186
164 175
164 188
164 180
164 167
164 168
164 171
165 202
165 103
165 163
165 182
165 84
165 80
165 117
165 194
165 198
165 177
166 192
166 193
166 189
166 197
166 184
166 187
166 161
166 196
166 181
166 176
167 162
167 160
167 174
167 183
167 171
167 186
167 178
167 168
167 173
167 175
168 160
168 173
168 174
168 162
168 167
168 186
168 183
168 178
168 171
168 175
169 176
169 196
169 189
169 187
169 170
169 184
169 161
169 193
169 181
169 166
170 161
170 193
170 187
170 176
170 196
170 184
170 189
170 169
170 181
170 166
171 160
171 167
171 173
171 174
171 162
171 183
171 186
171 178
171 168
171 175
172 196
172 190
172 197
172 173
172 160
172 185
172 195
172 193
172 191
172 189
173 168
173 174
173 171
173 189
173 175
173 167
173 160
173 172
173 186
173 195
174 167
174 160
174 173
174 171
174 168
174 175
174 186
174 183
174 178
174 162
175 160
175 167
175 173
175 174
175 162
175 183
175 186
175 178
175 168
175 171
176 170
176 166
176 196
176 187
176 197
176 184
176 161
176 192
176 181
176 179
177 98
177 100
177 117
177 84
177 80
177 165
177 163
177 198
177 194
177 182
178 160
178 173
178 167
178 175
178 168
178 186
178 174
178 162
178 183
178 171
179 184
179 191
179 161
179 185
179 176
179 197
179 192
179 196
179 166
179 199
180 173
180 183
180 175
180 178
180 186
180 171
180 167
180 164
180 188
180 168
181 176
181 184
181 161
181 187
181 196
181 189
181 193
181 170
181 169
181 166
182 98
182 100
182 117
182 84
182 80
182 165
182 163
182 198
182 194
182 177
183 160
183 171
183 174
183 173
183 167
183 175
183 186
183 178
183 168
183 162
184 197
184 166
184 176
184 187
184 181
184 196
184 161
184 193
184 169
184 170
185 187
185 189
185 199
185 190
185 161
185 192
185 196
185 195
185 191
185 197
186 160
186 173
186 167
186 174
186 162
186 183
186 178
186 168
186 171
186 175
187 169
187 184
187 189
187 197
187 196
187 161
187 193
187 181
187 191
187 166
188 173
188 183
188 175
188 171
188 168
188 178
188 186
188 167
188 180
188 164
189 197
189 185
189 187
189 166
189 196
189 181
189 161
189 193
189 172
189 191
190 199
190 196
190 192
190 187
190 197
190 161
190 195
190 193
190 191
190 185
191 192
191 187
191 193
191 189
191 196
191 185
191 195
191 197
191 161
191 190
192 187
192 166
192 190
192 161
192 196
192 191
192 185
192 197
192 199
192 179
193 185
193 195
193 187
193 169
193 196
193 181
193 161
193 190
193 191
193 189
194 98
194 100
194 117
194 177
194 182
194 80
194 163
194 84
194 165
194 198
195 196
195 187
195 161
195 189
195 185
195 197
195 193
195 190
195 191
195 172
196 181
196 192
196 185
196 191
196 176
196 189
196 187
196 161
196 197
196 166
197 190
197 187
197 179
197 166
197 161
197 192
197 191
197 185
197 196
197 199
198 100
198 163
198 165
198 117
198 80
198 177
198 103
198 182
198 194
198 84
199 176
199 190
199 166
199 161
199 179
199 192
199 191
199 196
199 185
199 197
200 239
200 228
200 227
200 232
200 205
200 203
200 235
200 236
200 237
200 211
201 186
201 54
201 230
201 162
201 171
201 183
201 178
201 175
201 174
201 168
202 124
202 80
202 103
202 116
202 115
202 109
202 156
202 108
202 231
202 204
203 239
203 228
203 227
203 232
203 205
203 235
203 236
203 237
203 200
203 211
204 116
204 88
204 114
204 221
204 85
204 109
204 202
204 108
204 115
204 231
205 209
205 219
205 229
205 233
205 206
205 235
205 236
205 237
205 217
205 239
206 218
206 235
206 205
206 209
206 233
206 229
206 219
206 237
206 239
206 217
207 235
207 236
207 227
207 203
207 200
207 211
207 232
207 224
207 228
207 220
208 215
208 212
208 226
208 213
208 234
208 222
208 210
208 216
208 214
208 225
209 215
209 239
209 217
209 223
209 233
209 206
209 218
209 238
209 229
209 219
210 238
210 215
210 213
210 208
210 212
210 234
210 226
210 222
210 216
210 225
211 224
211 237
211 205
211 235
211 236
211 227
211 228
211 232
211 203
211 200
212 218
212 223
212 238
212 216
212 210
212 234
212 226
212 225
212 222
212 215
213 215
213 212
213 226
213 208
213 234
213 222
213 210
213 216
213 214
213 225
214 215
214 212
214 226
214 213
214 208
214 234
214 222
214 210
214 216
214 225
215 226
215 234
215 218
215 223
215 210
215 225
215 222
215 216
215 238
215 212
216 213
216 208
216 238
216 226
216 215
216 234
216 212
216 222
216 210
216 225
217 236
217 235
217 237
217 209
217 205
217 219
217 229
217 206
217 233
217 239
218 225
218 229
218 223
218 222
218 233
218 209
218 219
218 215
218 238
218 212
219 215
219 239
219 238
219 223
219 233
219 206
219 218
219 217
219 229
219 209
220 235
220 236
220 227
220 232
220 228
220 211
220 203
220 200
220 224
220 207
221 227
221 203
221 200
221 232
221 228
221 211
221 224
221 231
221 207
221 220
222 208
222 223
222 226
222 210
222 238
222 234
222 225
222 216
222 215
222 212
223 233
223 225
223 229
223 222
223 209
223 219
223 218
223 215
223 238
223 212
224 237
224 205
224 235
224 203
224 200
224 227
224 236
224 211
224 232
224 228
225 213
225 208
225 238
225 215
225 210
225 234
225 226
225 212
225 222
225 216
226 215
226 212
226 213
226 208
226 234
226 222
226 210
226 216
226 214
226 225
227 239
227 228
227 232
227 205
227 203
227 235
227 236
227 237
227 200
227 211
228 237
228 205
228 224
228 232
228 203
228 227
228 235
228 236
228 200
228 211
229 237
229 223
229 238
229 239
229 206
229 218
229 217
229 219
229 209
229 233
230 178
230 168
230 80
230 84
230 202
230 201
230 183
230 182
230 110
230 194
231 220
231 115
231 85
231 114
231 109
231 91
231 88
231 207
231 204
231 221
232 237
232 205
232 235
232 203
232 200
232 227
232 236
232 211
232 224
232 228
233 237
233 238
233 223
233 218
233 217
233 209
233 219
233 229
233 206
233 239
234 215
234 214
234 212
234 226
234 213
234 208
234 222
234 210
234 216
234 225
235 209
235 229
235 219
235 233
235 206
235 205
235 236
235 237
235 217
235 239
236 219
236 227
236 229
236 233
236 206
236 217
236 239
236 237
236 235
236 205
237 209
237 219
237 229
237 205
237 233
237 206
237 235
237 236
237 217
237 239
238 219
238 209
238 210
238 216
238 225
238 223
238 222
238 218
238 215
238 212
239 236
239 209
239 235
239 229
239 205
239 219
239 237
239 206
239 233
239 217
