0 1
0 8
0 10
0 5
0 16
0 21
0 4
0 24
0 25
0 35
1 16
1 24
1 3
1 21
1 35
1 6
1 25
1 17
1 8
1 10
2 31
2 11
2 33
2 20
2 28
2 37
2 12
2 39
2 27
2 29
3 39
3 1
3 6
3 8
3 11
3 17
3 20
3 27
3 29
3 31
4 25
4 35
4 21
4 5
4 16
4 23
4 24
4 19
4 7
4 0
5 10
5 25
5 19
5 23
5 21
5 16
5 4
5 24
5 35
5 0
6 35
6 25
6 8
6 10
6 31
6 20
6 3
6 11
6 17
6 1
7 25
7 35
7 21
7 5
7 16
7 23
7 4
7 24
7 19
7 0
8 16
8 24
8 6
8 21
8 3
8 35
8 25
8 10
8 17
8 1
9 149
9 324
9 136
9 36
9 30
9 34
9 320
9 156
9 444
9 442
10 3
10 16
10 24
10 21
10 17
10 6
10 8
10 25
10 35
10 1
11 12
11 17
11 2
11 6
11 39
11 27
11 20
11 3
11 31
11 29
12 11
12 20
12 14
12 33
12 29
12 28
12 39
12 27
12 2
12 37
13 12
13 37
13 33
13 32
13 14
13 28
13 18
13 26
13 38
13 22
14 27
14 39
14 2
14 12
14 37
14 28
14 18
14 33
14 26
14 32
15 443
15 22
15 440
15 472
15 468
15 464
15 207
15 460
15 451
15 447
16 4
16 8
16 1
16 5
16 10
16 21
16 24
16 25
16 35
16 0
17 21
17 11
17 35
17 31
17 25
17 10
17 3
17 1
17 8
17 6
18 39
18 2
18 38
18 12
18 33
18 32
18 37
18 14
18 28
18 26
19 25
19 35
19 21
19 5
19 16
19 23
19 4
19 24
19 7
19 0
20 17
20 27
20 12
20 29
20 31
20 11
20 3
20 2
20 39
20 6
21 17
21 5
21 8
21 1
21 10
21 16
21 24
21 25
21 35
21 0
22 12
22 37
22 28
22 33
22 32
22 14
22 18
22 38
22 26
22 13
23 25
23 35
23 21
23 5
23 16
23 4
23 24
23 19
23 7
23 0
24 4
24 8
24 1
24 5
24 10
24 16
24 21
24 25
24 35
24 0
25 0
25 8
25 6
25 10
25 16
25 17
25 21
25 24
25 35
25 1
26 13
26 2
26 12
26 32
26 33
26 14
26 37
26 38
26 18
26 28
27 28
27 37
27 31
27 3
27 12
27 11
27 29
27 2
27 39
27 20
28 27
28 39
28 12
28 32
28 33
28 14
28 37
28 18
28 2
28 26
29 28
29 37
29 3
29 31
29 11
29 12
29 2
29 20
29 39
29 27
30 130
30 144
30 471
30 442
30 34
30 36
30 136
30 348
30 9
30 444
31 12
31 2
31 17
31 6
31 29
31 27
31 20
31 3
31 39
31 11
32 39
32 2
32 12
32 33
32 14
32 37
32 38
32 18
32 28
32 26
33 27
33 39
33 12
33 32
33 14
33 37
33 28
33 18
33 2
33 26
34 30
34 447
34 331
34 159
34 461
34 15
34 325
34 202
34 471
34 36
35 6
35 0
35 8
35 10
35 16
35 17
35 21
35 24
35 25
35 1
36 136
36 331
36 325
36 159
36 15
36 471
36 461
36 30
36 34
36 202
37 27
37 39
37 26
37 32
37 12
37 14
37 2
37 18
37 33
37 28
38 12
38 37
38 22
38 26
38 32
38 33
38 13
38 14
38 28
38 18
39 28
39 29
39 31
39 12
39 27
39 11
39 37
39 3
39 2
39 20
40 65
40 54
40 51
40 75
40 73
40 77
40 62
40 43
40 44
40 49
41 288
41 309
41 314
41 287
41 283
41 305
41 61
41 296
41 71
41 70
42 55
42 63
42 56
42 53
42 57
42 59
42 60
42 78
42 48
42 72
43 65
43 51
43 49
43 74
43 62
43 47
43 77
43 44
43 40
43 75
44 40
44 69
44 75
44 67
44 54
44 77
44 73
44 65
44 49
44 62
45 75
45 50
45 62
45 43
45 79
45 51
45 76
45 47
45 74
45 58
46 57
46 73
46 54
46 59
46 78
46 67
46 64
46 53
46 69
46 48
47 77
47 75
47 62
47 79
47 40
47 58
47 45
47 43
47 51
47 74
48 72
48 69
48 42
48 64
48 53
48 57
48 78
48 59
48 60
48 46
49 69
49 62
49 67
49 40
49 44
49 75
49 65
49 54
49 73
49 77
50 40
50 62
50 58
50 74
50 45
50 76
50 43
50 51
50 79
50 47
51 49
51 58
51 45
51 77
51 74
51 75
51 40
51 43
51 62
51 47
52 59
52 57
52 72
52 60
52 42
52 56
52 66
52 63
52 68
52 55
53 60
53 42
53 67
53 46
53 64
53 78
53 57
53 59
53 69
53 48
54 40
54 65
54 75
54 73
54 77
54 44
54 64
54 69
54 49
54 67
55 78
55 59
55 60
55 57
55 42
55 56
55 68
55 66
55 63
55 72
56 78
56 59
56 60
56 57
56 42
56 55
56 68
56 66
56 63
56 72
57 69
57 72
57 48
57 46
57 59
57 78
57 60
57 42
57 64
57 53
58 75
58 50
58 62
58 43
58 79
58 51
58 76
58 47
58 74
58 45
59 69
59 72
59 64
59 46
59 48
59 53
59 57
59 78
59 60
59 42
60 46
60 63
60 53
60 56
60 78
60 48
60 59
60 57
60 42
60 72
61 288
61 309
61 314
61 287
61 283
61 305
61 296
61 71
61 70
61 41
62 47
62 73
62 75
62 49
62 51
62 77
62 44
62 43
62 40
62 65
63 78
63 59
63 60
63 57
63 42
63 56
63 55
63 68
63 66
63 72
64 44
64 59
64 73
64 69
64 48
64 78
64 53
64 54
64 67
64 46
65 40
65 62
65 69
65 49
65 73
65 75
65 54
65 77
65 44
65 67
66 59
66 57
66 52
66 42
66 60
66 72
66 56
66 55
66 63
66 68
67 53
67 77
67 46
67 64
67 49
67 44
67 73
67 54
67 65
67 69
68 59
68 57
68 60
68 42
68 56
68 52
68 72
68 63
68 55
68 66
69 48
69 65
69 44
69 46
69 73
69 49
69 67
69 64
69 53
69 54
70 288
70 309
70 314
70 287
70 283
70 71
70 296
70 61
70 41
70 305
71 288
71 309
71 314
71 287
71 283
71 305
71 61
71 296
71 70
71 41
72 53
72 48
72 55
72 78
72 59
72 56
72 63
72 57
72 60
72 42
73 62
73 75
73 69
73 77
73 40
73 67
73 44
73 65
73 49
73 54
74 75
74 40
74 62
74 45
74 58
74 47
74 76
74 51
74 43
74 79
75 54
75 65
75 51
75 49
75 73
75 77
75 62
75 44
75 43
75 40
76 75
76 43
76 62
76 51
76 74
76 50
76 47
76 45
76 79
76 58
77 67
77 65
77 75
77 62
77 73
77 49
77 40
77 43
77 44
77 54
78 72
78 69
78 64
78 46
78 48
78 53
78 57
78 59
78 60
78 42
79 40
79 62
79 43
79 51
79 47
79 74
79 76
79 50
79 45
79 58
80 323
80 337
80 115
80 113
80 112
80 345
80 116
80 109
80 86
80 107
81 115
81 116
81 80
81 110
81 86
81 101
81 113
81 112
81 111
81 107
82 92
82 90
82 340
82 93
82 108
82 95
82 88
82 118
82 338
82 346
83 119
83 117
83 96
83 91
83 97
83 103
83 98
83 100
83 102
83 114
84 93
84 90
84 92
84 99
84 105
84 94
84 89
84 104
84 106
84 85
85 93
85 94
85 90
85 99
85 84
85 92
85 106
85 105
85 89
85 104
86 323
86 337
86 345
86 109
86 115
86 112
86 107
86 113
86 116
86 80
87 113
87 107
87 175
87 441
87 230
87 109
87 108
87 116
87 115
87 176
88 89
88 85
88 106
88 94
88 118
88 99
88 92
88 90
88 93
88 95
89 93
89 94
89 90
89 99
89 84
89 92
89 106
89 85
89 105
89 104
90 84
90 106
90 85
90 88
90 89
90 92
90 93
90 94
90 95
90 99
91 83
91 119
91 114
91 96
91 102
91 103
91 98
91 117
91 100
91 97
92 104
92 89
92 85
92 88
92 106
92 99
92 93
92 94
92 95
92 90
93 89
93 85
93 118
93 106
93 99
93 92
93 94
93 90
93 95
93 88
94 95
94 93
94 84
94 104
94 90
94 89
94 85
94 92
94 99
94 106
95 89
95 94
95 118
95 106
95 85
95 99
95 92
95 88
95 90
95 93
96 195
96 100
96 114
96 97
96 91
96 102
96 119
96 117
96 103
96 98
97 119
97 117
97 83
97 114
97 91
97 96
97 98
97 100
97 102
97 103
98 195
98 100
98 114
98 97
98 91
98 102
98 119
98 117
98 103
98 96
99 84
99 88
99 89
99 85
99 106
99 94
99 93
99 92
99 90
99 95
100 119
100 117
100 96
100 98
100 103
100 91
100 102
100 83
100 97
100 114
101 115
101 116
101 80
101 110
101 86
101 81
101 113
101 112
101 111
101 107
102 83
102 119
102 100
102 114
102 96
102 103
102 117
102 97
102 91
102 98
103 195
103 114
103 100
103 97
103 117
103 119
103 96
103 91
103 98
103 102
104 93
104 90
104 92
104 94
104 106
104 105
104 99
104 85
104 89
104 84
105 93
105 90
105 92
105 99
105 84
105 89
105 94
105 85
105 104
105 106
106 93
106 105
106 104
106 90
106 84
106 94
106 92
106 89
106 85
106 99
107 87
107 176
107 80
107 134
107 116
107 115
107 109
107 86
107 112
107 113
108 176
108 109
108 118
108 230
108 470
108 441
108 338
108 87
108 346
108 82
109 175
109 107
109 345
109 86
109 113
109 80
109 176
109 87
109 116
109 115
110 115
110 116
110 80
110 81
110 101
110 86
110 113
110 112
110 111
110 107
111 115
111 116
111 80
111 110
111 86
111 81
111 101
111 113
111 112
111 107
112 323
112 337
112 345
112 109
112 115
112 80
112 113
112 107
112 116
112 86
113 87
113 176
113 134
113 109
113 115
113 112
113 116
113 107
113 86
113 80
114 119
114 102
114 117
114 91
114 96
114 103
114 98
114 83
114 97
114 100
115 112
115 113
115 107
115 176
115 109
115 87
115 345
115 86
115 80
115 116
116 134
116 80
116 115
116 113
116 112
116 107
116 345
116 109
116 87
116 86
117 195
117 100
117 114
117 97
117 91
117 102
117 119
117 103
117 98
117 96
118 105
118 106
118 99
118 94
118 92
118 88
118 93
118 95
118 90
118 82
119 193
119 114
119 100
119 97
119 91
119 102
119 117
119 103
119 98
119 96
120 407
120 423
120 408
120 198
120 162
120 140
120 148
120 163
120 129
120 155
121 132
121 143
121 137
121 141
121 123
121 154
121 122
121 158
121 151
121 131
122 142
122 143
122 151
122 154
122 137
122 123
122 121
122 158
122 141
122 131
123 121
123 137
123 125
123 158
123 132
123 142
123 143
123 151
123 141
123 154
124 144
124 147
124 146
124 133
124 138
124 139
124 126
124 145
124 153
124 152
125 131
125 158
125 151
125 154
125 123
125 137
125 141
125 132
125 143
125 142
126 144
126 146
126 133
126 147
126 138
126 145
126 153
126 139
126 124
126 152
127 188
127 165
127 183
127 170
127 331
127 172
127 128
127 159
127 135
127 190
128 165
128 179
128 331
128 190
128 127
128 135
128 159
128 170
128 183
128 172
129 402
129 415
129 411
129 418
129 148
129 408
129 140
129 423
129 120
129 155
130 139
130 159
130 133
130 147
130 146
130 153
130 144
130 136
130 157
130 138
131 143
131 137
131 151
131 141
131 123
131 150
131 122
131 121
131 154
131 158
132 121
132 137
132 151
132 154
132 158
132 125
132 123
132 141
132 142
132 143
133 124
133 157
133 130
133 153
133 147
133 146
133 144
133 139
133 138
133 152
134 109
134 291
134 86
134 80
134 115
134 116
134 176
134 175
134 191
134 392
135 170
135 159
135 460
135 183
135 447
135 190
135 127
135 172
135 128
135 331
136 349
136 128
136 138
136 147
136 157
136 133
136 146
136 144
136 130
136 159
137 131
137 125
137 158
137 132
137 142
137 123
137 141
137 143
137 154
137 151
138 144
138 146
138 152
138 153
138 145
138 124
138 139
138 126
138 133
138 147
139 144
139 146
139 147
139 138
139 133
139 124
139 126
139 145
139 153
139 152
140 418
140 411
140 415
140 423
140 148
140 120
140 129
140 198
140 408
140 155
141 121
141 158
141 125
141 137
141 123
141 154
141 142
141 143
141 151
141 132
142 131
142 151
142 132
142 125
142 123
142 137
142 141
142 154
142 158
142 143
143 131
143 151
143 142
143 132
143 125
143 123
143 137
143 141
143 154
143 158
144 139
144 159
144 133
144 147
144 146
144 130
144 153
144 136
144 157
144 138
145 144
145 147
145 146
145 138
145 133
145 124
145 139
145 126
145 153
145 152
146 159
146 139
146 144
146 153
146 147
146 136
146 138
146 133
146 130
146 157
147 124
147 157
147 152
147 153
147 146
147 144
147 139
147 138
147 133
147 130
148 407
148 408
148 168
148 120
148 163
148 198
148 155
148 140
148 129
148 162
149 147
149 343
149 153
149 156
149 126
149 152
149 145
149 139
149 138
149 124
150 142
150 151
150 121
150 122
150 143
150 158
150 123
150 131
150 154
150 137
151 125
151 121
151 143
151 142
151 158
151 132
151 123
151 141
151 154
151 137
152 144
152 146
152 133
152 126
152 124
152 138
152 139
152 153
152 145
152 147
153 144
153 146
153 138
153 139
153 124
153 145
153 133
153 147
153 126
153 152
154 131
154 151
154 142
154 132
154 125
154 123
154 137
154 141
154 158
154 143
155 407
155 418
155 411
155 408
155 423
155 415
155 148
155 120
155 140
155 129
156 343
156 147
156 124
156 139
156 152
156 153
156 145
156 126
156 138
156 149
157 139
157 153
157 138
157 159
157 136
157 147
157 146
157 144
157 130
157 133
158 132
158 151
158 143
158 142
158 122
158 141
158 123
158 137
158 154
158 131
159 331
159 325
159 130
159 157
159 146
159 144
159 135
159 127
159 128
159 136
160 190
160 189
160 183
160 165
160 170
160 188
160 195
160 193
160 184
160 179
161 198
161 191
161 163
161 182
161 194
161 162
161 168
161 167
161 177
161 181
162 175
162 182
162 177
162 181
162 194
162 161
162 167
162 168
162 198
162 163
163 175
163 182
163 161
163 181
163 194
163 177
163 167
163 168
163 198
163 162
164 166
164 192
164 187
164 180
164 171
164 178
164 173
164 199
164 169
164 174
165 190
165 195
165 193
165 160
165 170
165 179
165 183
165 184
165 189
165 188
166 174
166 186
166 187
166 164
166 178
166 199
166 185
166 171
166 173
166 192
167 191
167 182
167 198
167 163
167 162
167 177
167 161
167 181
167 168
167 194
168 191
168 182
168 161
168 198
168 167
168 181
168 162
168 177
168 194
168 163
169 192
169 187
169 164
169 178
169 174
169 173
169 196
169 171
169 199
169 180
170 190
170 195
170 193
170 160
170 189
170 188
170 183
170 179
170 165
170 184
171 185
171 169
171 174
171 173
171 199
171 164
171 166
171 192
171 178
171 187
172 193
172 160
172 183
172 190
172 165
172 189
172 184
172 170
172 179
172 188
173 166
173 192
173 180
173 178
173 174
173 187
173 171
173 169
173 164
173 199
174 192
174 187
174 196
174 171
174 178
174 164
174 180
174 173
174 199
174 169
175 194
175 134
175 168
175 182
175 177
175 167
175 191
175 181
175 161
175 176
176 230
176 181
176 134
176 161
176 115
176 191
176 177
176 109
176 87
176 175
177 175
177 198
177 194
177 181
177 168
177 167
177 163
177 162
177 161
177 182
178 180
178 166
178 199
178 169
178 187
178 192
178 174
178 173
178 164
178 171
179 190
179 193
179 195
179 183
179 189
179 160
179 170
179 184
179 165
179 188
180 187
180 171
180 197
180 178
180 196
180 174
180 199
180 173
180 169
180 164
181 191
181 182
181 198
181 194
181 168
181 167
181 163
181 162
181 161
181 177
182 163
182 162
182 175
182 168
182 177
182 167
182 194
182 191
182 161
182 181
183 195
183 190
183 193
183 160
183 189
183 179
183 184
183 188
183 165
183 170
184 190
184 195
184 193
184 160
184 189
184 170
184 179
184 165
184 183
184 188
185 174
185 199
185 173
185 164
185 171
185 178
185 187
185 186
185 192
185 166
186 174
186 199
186 178
186 173
186 187
186 171
186 192
186 166
186 164
186 185
187 174
187 199
187 186
187 164
187 173
187 185
187 166
187 178
187 171
187 192
188 190
188 195
188 193
188 160
188 165
188 170
188 179
188 183
188 184
188 189
189 190
189 160
189 165
189 170
189 179
189 183
189 184
189 195
189 193
189 188
190 193
190 160
190 184
190 179
190 188
190 183
190 189
190 165
190 170
190 172
191 134
191 168
191 194
191 176
191 181
191 167
191 177
191 161
191 175
191 182
192 174
192 199
192 173
192 187
192 186
192 164
192 178
192 171
192 166
192 185
193 190
193 189
193 183
193 165
193 170
193 188
193 195
193 184
193 160
193 179
194 191
194 182
194 198
194 163
194 177
194 161
194 162
194 167
194 168
194 181
195 190
195 183
195 160
195 188
195 165
195 184
195 170
195 193
195 189
195 179
196 187
196 171
196 178
196 180
196 197
196 174
196 173
196 169
196 164
196 199
197 193
197 195
197 164
197 169
197 180
197 173
197 174
197 178
197 196
197 199
198 175
198 182
198 161
198 194
198 163
198 162
198 167
198 168
198 177
198 181
199 192
199 196
199 187
199 171
199 180
199 178
199 164
199 169
199 173
199 174
200 220
200 205
200 216
200 214
200 232
200 218
200 227
200 217
200 238
200 209
201 350
201 163
201 198
201 9
201 324
201 231
201 470
201 230
201 441
201 221
202 204
202 206
202 464
202 219
202 461
202 447
202 226
202 207
202 15
202 460
203 208
203 224
203 237
203 229
203 225
203 233
203 212
203 213
203 236
203 223
204 222
204 228
204 219
204 206
204 226
204 234
204 235
204 215
204 210
204 239
205 209
205 217
205 200
205 211
205 214
205 218
205 220
205 227
205 232
205 238
206 222
206 235
206 239
206 228
206 204
206 226
206 234
206 219
206 215
206 210
207 235
207 239
207 219
207 226
207 228
207 204
207 215
207 234
207 210
207 206
208 213
208 223
208 237
208 203
208 239
208 233
208 224
208 235
208 222
208 212
209 227
209 229
209 236
209 232
209 225
209 238
209 216
209 218
209 200
209 217
210 222
210 235
210 239
210 228
210 226
210 219
210 234
210 206
210 204
210 215
211 209
211 200
211 217
211 218
211 227
211 220
211 232
211 214
211 205
211 238
212 239
212 223
212 222
212 203
212 233
212 208
212 235
212 213
212 237
212 224
213 208
213 233
213 212
213 236
213 224
213 225
213 229
213 203
213 223
213 237
214 209
214 217
214 200
214 218
214 227
214 220
214 232
214 211
214 205
214 238
215 222
215 235
215 239
215 210
215 228
215 219
215 234
215 226
215 206
215 204
216 213
216 238
216 209
216 229
216 232
216 218
216 225
216 236
216 200
216 217
217 220
217 205
217 214
217 227
217 232
217 238
217 218
217 209
217 216
217 200
218 209
218 205
218 211
218 220
218 217
218 227
218 232
218 214
218 200
218 238
219 222
219 235
219 239
219 215
219 210
219 234
219 228
219 204
219 226
219 206
220 209
220 217
220 200
220 205
220 211
220 214
220 218
220 227
220 232
220 238
221 350
221 9
221 163
221 198
221 441
221 231
221 230
221 324
221 201
221 470
222 213
222 223
222 237
222 212
222 234
222 224
222 233
222 235
222 208
222 239
223 208
223 213
223 225
223 229
223 203
223 233
223 224
223 236
223 237
223 212
224 229
224 235
224 222
224 237
224 223
224 203
224 213
224 208
224 212
224 233
225 209
225 212
225 224
225 216
225 237
225 203
225 223
225 213
225 236
225 229
226 222
226 235
226 239
226 215
226 210
226 234
226 228
226 204
226 219
226 206
227 209
227 200
227 217
227 218
227 220
227 232
227 214
227 211
227 205
227 238
228 222
228 235
228 239
228 226
228 234
228 219
228 210
228 206
228 204
228 215
229 208
229 233
229 212
229 223
229 213
229 225
229 203
229 224
229 236
229 237
230 418
230 177
230 201
230 175
230 176
230 87
230 470
230 221
230 441
230 231
231 350
231 163
231 324
231 9
231 198
231 441
231 470
231 230
231 201
231 221
232 209
232 217
232 211
232 220
232 205
232 227
232 214
232 200
232 218
232 238
233 213
233 239
233 222
233 212
233 203
233 224
233 235
233 223
233 237
233 208
234 206
234 233
234 228
234 204
234 208
234 215
234 222
234 235
234 210
234 239
235 210
235 223
235 212
235 237
235 224
235 233
235 234
235 222
235 208
235 239
236 216
236 233
236 224
236 229
236 225
236 213
236 223
236 203
236 237
236 212
237 222
237 212
237 208
237 223
237 203
237 233
237 213
237 225
237 224
237 229
238 209
238 211
238 217
238 205
238 227
238 220
238 214
238 200
238 218
238 232
239 237
239 215
239 210
239 224
239 222
239 233
239 234
239 235
239 208
239 212
240 262
240 265
240 264
240 263
240 251
240 248
240 254
240 253
240 252
240 249
241 294
241 291
241 191
241 176
241 175
241 271
241 177
241 181
241 167
241 161
242 245
242 250
242 246
242 258
242 273
242 275
242 244
242 268
242 266
242 260
243 279
243 255
243 270
243 261
243 247
243 269
243 272
243 276
243 259
243 257
244 245
244 250
244 246
244 258
244 273
244 275
244 242
244 268
244 266
244 260
245 258
245 267
245 244
245 266
245 268
245 242
245 260
245 273
245 277
245 275
246 273
246 267
246 275
246 258
246 268
246 266
246 244
246 242
246 250
246 260
247 279
247 261
247 259
247 257
247 276
247 243
247 269
247 270
247 272
247 255
248 278
248 249
248 262
248 240
248 263
248 265
248 253
248 251
248 264
248 254
249 262
249 265
249 264
249 263
249 240
249 252
249 248
249 254
249 253
249 251
250 273
250 275
250 266
250 256
250 260
250 258
250 246
250 244
250 268
250 242
251 278
251 249
251 262
251 240
251 263
251 265
251 253
251 248
251 264
251 254
252 262
252 264
252 254
252 263
252 248
252 251
252 253
252 249
252 240
252 265
253 262
253 252
253 263
253 249
253 240
253 254
253 251
253 265
253 248
253 264
254 274
254 264
254 265
254 263
254 262
254 278
254 253
254 251
254 248
254 240
255 274
255 270
255 272
255 261
255 276
255 243
255 269
255 247
255 257
255 259
256 275
256 260
256 266
256 258
256 268
256 250
256 246
256 244
256 242
256 279
257 274
257 272
257 270
257 261
257 276
257 269
257 243
257 255
257 247
257 259
258 273
258 256
258 275
258 268
258 266
258 244
258 242
258 246
258 250
258 260
259 274
259 270
259 261
259 255
259 272
259 257
259 247
259 243
259 269
259 276
260 267
260 246
260 245
260 258
260 273
260 244
260 275
260 242
260 268
260 266
261 279
261 255
261 247
261 270
261 269
261 259
261 257
261 272
261 243
261 276
262 240
262 265
262 278
262 253
262 274
262 264
262 263
262 251
262 248
262 254
263 265
263 240
263 274
263 264
263 262
263 278
263 253
263 251
263 248
263 254
264 278
264 249
264 262
264 240
264 263
264 265
264 253
264 251
264 248
264 254
265 262
265 264
265 263
265 240
265 252
265 248
265 249
265 254
265 253
265 251
266 267
266 246
266 245
266 258
266 273
266 275
266 244
266 242
266 268
266 260
267 246
267 242
267 244
267 275
267 268
267 245
267 260
267 266
267 273
267 277
268 250
268 246
268 245
268 258
268 273
268 244
268 275
268 242
268 266
268 260
269 279
269 255
269 247
269 243
269 261
269 270
269 272
269 259
269 276
269 257
270 279
270 255
270 247
270 257
270 261
270 269
270 272
270 259
270 276
270 243
271 167
271 294
271 163
271 181
271 175
271 176
271 241
271 177
271 198
271 161
272 279
272 257
272 255
272 259
272 270
272 261
272 276
272 247
272 269
272 243
273 258
273 244
273 266
273 267
273 268
273 242
273 260
273 245
273 277
273 275
274 240
274 265
274 253
274 248
274 264
274 251
274 254
274 263
274 262
274 278
275 258
275 267
275 244
275 266
275 268
275 277
275 242
275 260
275 273
275 245
276 279
276 255
276 257
276 259
276 247
276 269
276 270
276 272
276 243
276 261
277 258
277 244
277 242
277 275
277 260
277 266
277 267
277 268
277 245
277 273
278 265
278 240
278 253
278 248
278 264
278 251
278 254
278 263
278 262
278 274
279 275
279 260
279 266
279 258
279 268
279 256
279 250
279 246
279 244
279 242
280 306
280 303
280 315
280 285
280 298
280 308
280 313
280 319
280 304
280 300
281 302
281 292
281 305
281 296
281 309
281 311
281 301
281 289
281 310
281 282
282 288
282 309
282 292
282 296
282 281
282 289
282 311
282 301
282 305
282 310
283 296
283 309
283 302
283 288
283 318
283 317
283 292
283 314
283 297
283 287
284 414
284 177
284 402
284 191
284 176
284 291
284 294
284 295
284 312
284 175
285 319
285 313
285 298
285 290
285 303
285 306
285 307
285 308
285 315
285 293
286 308
286 298
286 303
286 315
286 307
286 299
286 293
286 285
286 306
286 290
287 296
287 309
287 302
287 288
287 314
287 283
287 297
287 318
287 292
287 317
288 296
288 302
288 309
288 292
288 318
288 287
288 283
288 314
288 317
288 297
289 302
289 292
289 305
289 296
289 309
289 311
289 310
289 281
289 282
289 301
290 286
290 308
290 306
290 315
290 303
290 299
290 298
290 293
290 285
290 307
291 177
291 161
291 134
291 175
291 191
291 176
291 295
291 284
291 312
291 294
292 296
292 288
292 314
292 318
292 317
292 302
292 297
292 283
292 287
292 309
293 286
293 299
293 308
293 298
293 303
293 315
293 285
293 307
293 306
293 290
294 414
294 177
294 175
294 176
294 191
294 402
294 295
294 284
294 291
294 312
295 181
295 291
295 163
295 162
295 168
295 177
295 198
295 294
295 312
295 284
296 302
296 314
296 297
296 292
296 317
296 309
296 288
296 287
296 283
296 305
297 296
297 288
297 309
297 302
297 317
297 283
297 314
297 287
297 292
297 318
298 293
298 313
298 303
298 306
298 307
298 290
298 285
298 319
298 315
298 308
299 308
299 290
299 306
299 303
299 315
299 298
299 293
299 285
299 307
299 286
300 306
300 303
300 315
300 285
300 298
300 308
300 313
300 280
300 319
300 304
301 302
301 292
301 309
301 296
301 305
301 282
301 310
301 289
301 281
301 311
302 296
302 288
302 317
302 314
302 283
302 318
302 287
302 297
302 292
302 309
303 319
303 313
303 308
303 307
303 306
303 298
303 290
303 285
303 315
303 293
304 306
304 298
304 315
304 285
304 303
304 308
304 313
304 280
304 319
304 300
305 314
305 288
305 317
305 302
305 287
305 309
305 292
305 297
305 296
305 283
306 319
306 313
306 308
306 298
306 303
306 307
306 293
306 285
306 315
306 290
307 286
307 308
307 299
307 315
307 306
307 303
307 298
307 285
307 293
307 290
308 300
308 313
308 303
308 306
308 290
308 298
308 285
308 319
308 315
308 307
309 296
309 288
309 314
309 287
309 318
309 292
309 297
309 283
309 317
309 302
310 302
310 292
310 296
310 309
310 305
310 282
310 281
310 311
310 289
310 301
311 302
311 292
311 281
311 301
311 289
311 305
311 309
311 310
311 282
311 296
312 402
312 181
312 191
312 177
312 161
312 175
312 295
312 294
312 284
312 291
313 306
313 285
313 298
313 304
313 300
313 308
313 280
313 303
313 319
313 315
314 296
314 309
314 302
314 292
314 288
314 297
314 287
314 318
314 283
314 317
315 319
315 313
315 298
315 290
315 303
315 306
315 307
315 285
315 308
315 293
316 309
316 292
316 302
316 297
316 287
316 288
316 283
316 318
316 314
316 317
317 296
317 309
317 302
317 292
317 297
317 288
317 287
317 283
317 314
317 318
318 296
318 309
318 302
318 314
318 288
318 297
318 287
318 283
318 317
318 292
319 306
319 285
319 315
319 303
319 280
319 308
319 298
319 313
319 304
319 300
320 149
320 340
320 156
320 403
320 438
320 357
320 343
320 405
320 324
320 356
321 128
321 135
321 342
321 335
321 334
321 331
321 127
321 358
321 347
321 332
322 426
322 408
322 407
322 411
322 415
322 336
322 350
322 352
322 333
322 329
323 86
323 344
323 80
323 345
323 327
323 353
323 339
323 359
323 341
323 337
324 201
324 405
324 82
324 438
324 403
324 417
324 422
324 320
324 357
324 434
325 342
325 160
325 193
325 195
325 331
325 328
325 349
325 354
325 159
325 355
326 343
326 93
326 92
326 88
326 330
326 95
326 357
326 340
326 118
326 351
327 86
327 80
327 345
327 339
327 344
327 337
327 359
327 341
327 323
327 353
328 193
328 195
328 331
328 197
328 348
328 159
328 325
328 349
328 355
328 354
329 415
329 411
329 418
329 402
329 414
329 350
329 336
329 322
329 333
329 352
330 90
330 92
330 93
330 95
330 88
330 118
330 357
330 326
330 340
330 351
331 135
331 461
331 128
331 127
331 321
331 354
331 328
331 349
331 325
331 355
332 135
332 127
332 128
332 331
332 342
332 347
332 321
332 335
332 334
332 358
333 437
333 414
333 432
333 425
333 439
333 350
333 352
333 329
333 336
333 322
334 135
334 335
334 128
334 127
334 342
334 347
334 332
334 331
334 321
334 358
335 135
335 127
335 128
335 334
335 342
335 332
335 331
335 321
335 347
335 358
336 411
336 418
336 415
336 402
336 350
336 352
336 322
336 414
336 333
336 329
337 86
337 80
337 359
337 339
337 327
337 341
337 353
337 323
337 344
337 345
338 434
338 422
338 330
338 118
338 351
338 88
338 108
338 340
338 82
338 346
339 86
339 345
339 323
339 353
339 327
339 359
339 80
339 344
339 337
339 341
340 93
340 320
340 95
340 88
340 82
340 330
340 118
340 351
340 326
340 357
341 86
341 80
341 359
341 337
341 339
341 327
341 353
341 323
341 344
341 345
342 349
342 128
342 335
342 325
342 331
342 321
342 358
342 347
342 332
342 334
343 149
343 185
343 156
343 364
343 186
343 348
343 357
343 356
343 396
343 320
344 80
344 339
344 345
344 86
344 341
344 359
344 353
344 323
344 327
344 337
345 344
345 116
345 115
345 359
345 327
345 353
345 337
345 323
345 341
345 339
346 434
346 422
346 330
346 118
346 338
346 351
346 88
346 108
346 340
346 82
347 135
347 127
347 128
347 321
347 342
347 335
347 334
347 332
347 331
347 358
348 164
348 178
348 328
348 355
348 187
348 192
348 356
348 171
348 349
348 354
349 180
349 196
349 159
349 348
349 197
349 331
349 328
349 354
349 355
349 325
350 408
350 230
350 201
350 221
350 231
350 329
350 333
350 352
350 322
350 336
351 82
351 93
351 326
351 330
351 118
351 338
351 340
351 346
351 88
351 95
352 415
352 411
352 402
352 418
352 350
352 414
352 322
352 336
352 333
352 329
353 86
353 344
353 337
353 80
353 341
353 323
353 327
353 339
353 345
353 359
354 180
354 325
354 197
354 331
354 196
354 159
354 349
354 355
354 328
354 348
355 159
355 180
355 196
355 197
355 331
355 348
355 349
355 354
355 325
355 328
356 178
356 166
356 192
356 187
356 171
356 185
356 396
356 186
356 348
356 343
357 82
357 105
357 118
357 356
357 326
357 320
357 343
357 324
357 330
357 340
358 135
358 127
358 128
358 331
358 335
358 342
358 334
358 332
358 321
358 347
359 86
359 344
359 80
359 345
359 341
359 339
359 337
359 327
359 323
359 353
360 343
360 105
360 380
360 396
360 371
360 364
360 366
360 385
360 373
360 399
361 162
361 120
361 386
361 387
361 148
361 379
361 391
361 381
361 395
361 365
362 175
362 392
362 177
362 384
362 376
362 370
362 390
362 393
362 378
362 369
363 368
363 394
363 383
363 374
363 375
363 372
363 397
363 382
363 367
363 398
364 185
364 356
364 186
364 343
364 156
364 372
364 389
364 380
364 371
364 396
365 198
365 163
365 387
365 162
365 381
365 379
365 386
365 361
365 395
365 391
366 105
366 343
366 396
366 385
366 399
366 364
366 373
366 380
366 360
366 371
367 368
367 383
367 398
367 374
367 375
367 372
367 394
367 397
367 382
367 363
368 397
368 363
368 367
368 382
368 398
368 374
368 394
368 375
368 388
368 377
369 176
369 175
369 362
369 392
369 370
369 390
369 376
369 384
369 378
369 393
370 163
370 392
370 198
370 390
370 384
370 378
370 376
370 393
370 369
370 362
371 186
371 397
371 343
371 389
371 396
371 372
371 364
371 356
371 348
371 380
372 394
372 363
372 367
372 374
372 375
372 382
372 383
372 398
372 397
372 389
373 105
373 360
373 343
373 399
373 364
373 385
373 396
373 380
373 366
373 371
374 397
374 363
374 367
374 382
374 388
374 377
374 368
374 375
374 394
374 398
375 397
375 363
375 367
375 398
375 368
375 374
375 377
375 394
375 382
375 388
376 177
376 230
376 392
376 390
376 362
376 378
376 369
376 393
376 370
376 384
377 397
377 363
377 367
377 398
377 375
377 374
377 368
377 382
377 388
377 394
378 177
378 175
378 392
378 390
378 370
378 376
378 384
378 393
378 362
378 369
379 163
379 168
379 162
379 395
379 386
379 381
379 365
379 361
379 391
379 387
380 186
380 397
380 389
380 396
380 343
380 364
380 356
380 348
380 372
380 371
381 198
381 120
381 148
381 379
381 361
381 391
381 386
381 387
381 365
381 395
382 368
382 394
382 374
382 397
382 398
382 372
382 367
382 363
382 383
382 375
383 368
383 394
383 374
383 375
383 398
383 397
383 363
383 382
383 372
383 367
384 198
384 177
384 392
384 390
384 362
384 376
384 369
384 393
384 370
384 378
385 156
385 396
385 371
385 360
385 380
385 364
385 343
385 373
385 399
385 366
386 167
386 361
386 395
386 365
386 381
386 392
386 391
386 379
386 390
386 387
387 181
387 391
387 161
387 395
387 386
387 365
387 390
387 361
387 379
387 392
388 397
388 363
388 367
388 377
388 398
388 375
388 374
388 368
388 382
388 394
389 364
389 396
389 382
389 383
389 363
389 380
389 367
389 372
389 397
389 371
390 176
390 175
390 370
390 376
390 378
390 369
390 384
390 362
390 393
390 392
391 198
391 120
391 148
391 387
391 386
391 365
391 361
391 381
391 395
391 379
392 294
392 291
392 115
392 116
392 176
392 191
392 387
392 175
392 390
392 134
393 175
393 176
393 392
393 370
393 390
393 376
393 384
393 369
393 378
393 362
394 397
394 363
394 388
394 377
394 374
394 398
394 368
394 367
394 375
394 382
395 168
395 163
395 162
395 387
395 361
395 381
395 379
395 391
395 365
395 386
396 348
396 185
396 372
396 186
396 343
396 356
396 371
396 364
396 389
396 380
397 389
397 394
397 383
397 375
397 367
397 374
397 382
397 398
397 372
397 363
398 397
398 388
398 377
398 374
398 375
398 367
398 368
398 382
398 394
398 363
399 105
399 343
399 396
399 371
399 380
399 360
399 366
399 373
399 364
399 385
400 430
400 412
400 425
400 426
400 413
400 407
400 431
400 433
400 435
400 429
401 429
401 430
401 432
401 431
401 437
401 406
401 425
401 433
401 427
401 436
402 400
402 407
402 413
402 411
402 408
402 415
402 426
402 423
402 414
402 418
403 82
403 343
403 324
403 357
403 320
403 417
403 422
403 405
403 434
403 438
404 413
404 423
404 418
404 408
404 411
404 415
404 428
404 426
404 420
404 407
405 156
405 343
405 357
405 324
405 320
405 417
405 422
405 434
405 403
405 438
406 432
406 433
406 429
406 437
406 424
406 427
406 421
406 401
406 416
406 436
407 402
407 414
407 408
407 411
407 413
407 415
407 418
407 426
407 400
407 423
408 400
408 413
408 407
408 426
408 423
408 411
408 402
408 418
408 414
408 415
409 416
409 436
409 429
409 401
409 406
409 424
409 421
409 433
409 410
409 427
410 401
410 436
410 424
410 416
410 429
410 421
410 406
410 409
410 433
410 427
411 400
411 413
411 415
411 426
411 408
411 423
411 414
411 407
411 418
411 402
412 436
412 430
412 437
412 413
412 431
412 429
412 433
412 400
412 425
412 435
413 408
413 414
413 429
413 411
413 415
413 412
413 407
413 426
413 400
413 435
414 407
414 400
414 413
414 411
414 408
414 415
414 426
414 423
414 402
414 418
415 400
415 413
415 407
415 414
415 423
415 426
415 402
415 418
415 411
415 408
416 410
416 432
416 427
416 437
416 419
416 401
416 421
416 424
416 406
416 436
417 340
417 357
417 324
417 438
417 405
417 82
417 320
417 403
417 434
417 422
418 400
418 413
418 411
418 426
418 408
418 423
418 414
418 402
418 407
418 415
419 424
419 431
419 401
419 406
419 437
419 436
419 416
419 432
419 425
419 439
420 413
420 423
420 418
420 426
420 411
420 408
420 415
420 407
420 428
420 404
421 416
421 433
421 429
421 427
421 410
421 409
421 406
421 401
421 436
421 424
422 340
422 357
422 324
422 82
422 403
422 320
422 405
422 438
422 434
422 417
423 400
423 413
423 407
423 426
423 408
423 411
423 402
423 418
423 414
423 415
424 437
424 410
424 433
424 409
424 436
424 427
424 421
424 401
424 406
424 416
425 427
425 429
425 439
425 401
425 437
425 432
425 436
425 431
425 435
425 430
426 400
426 413
426 407
426 402
426 414
426 423
426 411
426 415
426 418
426 408
427 409
427 424
427 429
427 437
427 431
427 401
427 421
427 433
427 436
427 406
428 413
428 423
428 418
428 415
428 408
428 407
428 404
428 411
428 420
428 426
429 437
429 425
429 406
429 421
429 433
429 427
429 401
429 436
429 431
429 412
430 439
430 436
430 432
430 437
430 433
430 431
430 435
430 401
430 427
430 425
431 432
431 433
431 437
431 430
431 436
431 435
431 401
431 429
431 427
431 425
432 427
432 425
432 430
432 419
432 431
432 436
432 437
432 439
432 406
432 401
433 425
433 435
433 409
433 430
433 421
433 436
433 429
433 427
433 401
433 431
434 340
434 357
434 82
434 324
434 438
434 320
434 403
434 405
434 417
434 422
435 436
435 427
435 401
435 429
435 412
435 433
435 437
435 430
435 431
435 425
436 421
436 432
436 429
436 425
436 431
436 406
436 427
436 437
436 416
436 401
437 430
437 406
437 439
437 401
437 425
437 419
437 436
437 432
437 431
437 427
438 156
438 343
438 357
438 324
438 403
438 320
438 405
438 417
438 422
438 434
439 416
439 430
439 436
439 432
439 437
439 431
439 401
439 406
439 419
439 425
440 479
440 477
440 445
440 472
440 467
440 443
440 475
440 476
440 451
440 468
441 175
441 198
441 87
441 108
441 231
441 201
441 176
441 221
441 230
441 470
442 192
442 187
442 166
442 186
442 36
442 185
442 9
442 471
442 30
442 444
443 479
443 477
443 445
443 472
443 467
443 475
443 476
443 440
443 451
443 468
444 199
444 187
444 171
444 178
444 442
444 471
444 34
444 36
444 9
444 30
445 449
445 446
445 469
445 473
445 459
445 475
445 476
445 477
445 457
445 479
446 458
446 475
446 445
446 477
446 473
446 469
446 449
446 459
446 479
446 457
447 475
447 476
447 440
447 467
447 468
447 443
447 451
447 472
447 464
447 460
448 455
448 452
448 466
448 453
448 474
448 462
448 450
448 456
448 454
448 465
449 455
449 479
449 446
449 469
449 473
449 457
449 459
449 463
449 478
449 458
450 478
450 455
450 453
450 448
450 452
450 462
450 466
450 465
450 474
450 456
451 464
451 477
451 445
451 475
451 472
451 476
451 468
451 467
451 443
451 440
452 458
452 463
452 466
452 450
452 478
452 474
452 456
452 465
452 462
452 455
453 455
453 452
453 466
453 448
453 474
453 462
453 450
453 456
453 454
453 465
454 455
454 462
454 452
454 465
454 466
454 474
454 453
454 448
454 456
454 450
455 466
455 465
455 458
455 456
455 463
455 474
455 450
455 462
455 478
455 452
456 453
456 448
456 455
456 466
456 452
456 474
456 478
456 465
456 462
456 450
457 476
457 469
457 445
457 459
457 473
457 449
457 475
457 477
457 446
457 479
458 465
458 462
458 469
458 455
458 473
458 452
458 459
458 449
458 478
458 463
459 455
459 479
459 446
459 457
459 473
459 458
459 463
459 478
459 469
459 449
460 475
460 476
460 467
460 472
460 468
460 443
460 451
460 464
460 440
460 447
461 451
461 460
461 471
461 472
461 468
461 202
461 447
461 464
461 15
461 207
462 448
462 478
462 450
462 466
462 463
462 474
462 465
462 455
462 456
462 452
463 473
463 465
463 469
463 452
463 458
463 455
463 449
463 462
463 478
463 459
464 477
464 445
464 440
464 451
464 467
464 443
464 475
464 476
464 468
464 472
465 453
465 448
465 455
465 466
465 450
465 474
465 478
465 452
465 462
465 456
466 455
466 452
466 453
466 448
466 474
466 462
466 450
466 456
466 454
466 465
467 479
467 477
467 445
467 472
467 475
467 476
467 468
467 443
467 440
467 451
468 477
468 445
468 440
468 472
468 464
468 443
468 475
468 476
468 467
468 451
469 477
469 478
469 463
469 479
469 449
469 446
469 457
469 458
469 459
469 473
470 162
470 163
470 108
470 198
470 324
470 201
470 231
470 441
470 230
470 221
471 184
471 179
471 160
471 444
471 193
471 34
471 195
471 461
471 202
471 36
472 477
472 445
472 475
472 476
472 467
472 443
472 440
472 451
472 464
472 468
473 477
473 478
473 458
473 463
473 479
473 446
473 459
473 457
473 469
473 449
474 455
474 454
474 452
474 466
474 453
474 448
474 462
474 450
474 456
474 465
475 449
475 446
475 445
475 469
475 473
475 459
475 476
475 477
475 457
475 479
476 459
476 467
476 469
476 473
476 446
476 457
476 475
476 477
476 445
476 479
477 449
477 446
477 445
477 469
477 473
477 459
477 475
477 476
477 457
477 479
478 459
478 458
478 455
478 452
478 456
478 465
478 450
478 463
478 462
478 449
479 476
479 469
479 445
479 459
479 473
479 449
479 475
479 477
479 446
479 457
