0 1
0 4
0 5
0 8
0 10
0 16
0 21
0 24
0 25
0 35
1 16
1 24
1 3
1 6
1 21
1 17
1 8
1 25
1 10
1 35
2 31
2 11
2 33
2 20
2 28
2 29
2 12
2 37
2 39
2 27
3 39
3 1
3 27
3 29
3 31
3 8
3 20
3 17
3 11
3 6
4 25
4 5
4 7
4 16
4 19
4 21
4 23
4 24
4 35
4 0
5 10
5 25
5 19
5 16
5 21
5 4
5 23
5 24
5 35
5 0
6 35
6 10
6 20
6 25
6 1
6 3
6 17
6 31
6 11
6 8
7 25
7 4
7 5
7 16
7 19
7 21
7 23
7 24
7 35
7 0
8 16
8 24
8 3
8 6
8 35
8 21
8 17
8 25
8 10
8 1
9 138
9 185
9 186
9 201
9 136
9 149
9 156
9 30
9 34
9 36
10 3
10 16
10 24
10 6
10 17
10 8
10 21
10 25
10 35
10 1
11 12
11 17
11 2
11 6
11 39
11 27
11 20
11 29
11 31
11 3
12 11
12 20
12 29
12 14
12 33
12 28
12 2
12 37
12 39
12 27
13 12
13 37
13 28
13 33
13 32
13 26
13 38
13 22
13 18
13 14
14 27
14 28
14 26
14 32
14 33
14 18
14 37
14 12
14 39
14 2
15 215
15 204
15 228
15 206
15 22
15 226
15 207
15 13
15 52
15 219
16 4
16 8
16 1
16 5
16 10
16 21
16 24
16 25
16 35
16 0
17 21
17 11
17 35
17 31
17 25
17 10
17 3
17 1
17 6
17 8
18 39
18 2
18 38
18 12
18 37
18 28
18 26
18 33
18 32
18 14
19 25
19 4
19 5
19 7
19 16
19 21
19 23
19 24
19 35
19 0
20 17
20 12
20 6
20 11
20 2
20 29
20 31
20 3
20 39
20 27
21 17
21 5
21 8
21 1
21 10
21 16
21 24
21 25
21 35
21 0
22 12
22 37
22 28
22 32
22 33
22 14
22 18
22 26
22 38
22 13
23 25
23 4
23 5
23 7
23 16
23 19
23 21
23 24
23 35
23 0
24 4
24 8
24 1
24 5
24 10
24 16
24 21
24 25
24 35
24 0
25 0
25 6
25 8
25 10
25 16
25 17
25 21
25 24
25 35
25 1
26 13
26 12
26 2
26 38
26 33
26 28
26 37
26 14
26 18
26 32
27 28
27 11
27 3
27 29
27 31
27 2
27 20
27 12
27 37
27 39
28 27
28 39
28 26
28 2
28 12
28 32
28 37
28 33
28 14
28 18
29 28
29 37
29 12
29 3
29 31
29 2
29 11
29 20
29 39
29 27
30 185
30 187
30 178
30 171
30 130
30 36
30 34
30 144
30 9
30 136
31 12
31 2
31 17
31 29
31 27
31 6
31 39
31 20
31 3
31 11
32 39
32 2
32 12
32 38
32 37
32 28
32 26
32 33
32 18
32 14
33 27
33 39
33 2
33 26
33 12
33 32
33 37
33 14
33 18
33 28
34 195
34 160
34 179
34 193
34 15
34 128
34 30
34 159
34 36
34 202
35 6
35 0
35 8
35 10
35 16
35 17
35 21
35 24
35 25
35 1
36 160
36 193
36 30
36 136
36 34
36 202
36 15
36 128
36 195
36 159
37 27
37 39
37 26
37 32
37 2
37 18
37 12
37 33
37 14
37 28
38 12
38 37
38 22
38 28
38 33
38 32
38 13
38 26
38 18
38 14
39 28
39 11
39 3
39 29
39 31
39 2
39 20
39 12
39 37
39 27
40 65
40 54
40 51
40 44
40 73
40 49
40 77
40 43
40 62
40 75
41 142
41 131
41 154
41 158
41 150
41 70
41 71
41 125
41 137
41 61
42 55
42 63
42 56
42 53
42 72
42 60
42 59
42 78
42 48
42 57
43 65
43 49
43 51
43 74
43 62
43 75
43 40
43 77
43 47
43 44
44 40
44 69
44 67
44 75
44 62
44 77
44 73
44 54
44 49
44 65
45 75
45 43
45 62
45 51
45 50
45 76
45 47
45 74
45 58
45 79
46 57
46 54
46 73
46 59
46 78
46 67
46 53
46 64
46 48
46 69
47 77
47 79
47 62
47 58
47 74
47 40
47 75
47 51
47 43
47 45
48 72
48 69
48 42
48 64
48 60
48 46
48 53
48 57
48 78
48 59
49 69
49 77
49 62
49 40
49 67
49 75
49 65
49 44
49 54
49 73
50 40
50 62
50 47
50 45
50 43
50 74
50 51
50 58
50 76
50 79
51 49
51 58
51 45
51 77
51 74
51 40
51 75
51 43
51 47
51 62
52 59
52 57
52 60
52 68
52 56
52 55
52 42
52 63
52 66
52 72
53 60
53 42
53 67
53 57
53 69
53 64
53 59
53 78
53 46
53 48
54 40
54 75
54 65
54 77
54 69
54 64
54 67
54 44
54 73
54 49
55 78
55 59
55 57
55 60
55 42
55 72
55 68
55 63
55 56
55 66
56 78
56 59
56 57
56 60
56 42
56 68
56 55
56 63
56 72
56 66
57 69
57 64
57 46
57 53
57 78
57 72
57 48
57 59
57 60
57 42
58 75
58 43
58 62
58 51
58 50
58 76
58 47
58 74
58 45
58 79
59 69
59 46
59 72
59 42
59 60
59 48
59 64
59 78
59 53
59 57
60 46
60 63
60 56
60 53
60 72
60 59
60 42
60 78
60 48
60 57
61 142
61 131
61 154
61 41
61 150
61 70
61 71
61 125
61 137
61 158
62 47
62 73
62 65
62 49
62 40
62 75
62 51
62 77
62 44
62 43
63 78
63 42
63 72
63 59
63 60
63 57
63 68
63 56
63 66
63 55
64 44
64 59
64 73
64 78
64 54
64 67
64 53
64 69
64 48
64 46
65 40
65 62
65 69
65 73
65 49
65 75
65 54
65 44
65 77
65 67
66 59
66 57
66 52
66 56
66 60
66 55
66 72
66 42
66 63
66 68
67 53
67 77
67 73
67 46
67 49
67 44
67 64
67 54
67 69
67 65
68 59
68 57
68 60
68 72
68 42
68 52
68 55
68 56
68 66
68 63
69 48
69 49
69 65
69 44
69 73
69 53
69 54
69 64
69 46
69 67
70 142
70 131
70 154
70 41
70 158
70 150
70 71
70 125
70 137
70 61
71 142
71 131
71 154
71 41
71 61
71 150
71 70
71 125
71 137
71 158
72 53
72 60
72 57
72 56
72 55
72 42
72 63
72 78
72 48
72 59
73 62
73 75
73 69
73 40
73 77
73 67
73 44
73 65
73 49
73 54
74 75
74 40
74 62
74 76
74 43
74 51
74 79
74 58
74 45
74 47
75 54
75 73
75 51
75 65
75 49
75 44
75 43
75 62
75 77
75 40
76 75
76 62
76 43
76 74
76 47
76 51
76 50
76 45
76 58
76 79
77 67
77 73
77 65
77 49
77 62
77 44
77 75
77 43
77 40
77 54
78 72
78 69
78 64
78 46
78 59
78 60
78 57
78 42
78 48
78 53
79 40
79 43
79 47
79 62
79 51
79 50
79 74
79 76
79 58
79 45
80 176
80 87
80 134
80 109
80 115
80 107
80 113
80 112
80 116
80 86
81 115
81 116
81 80
81 86
81 112
81 113
81 107
81 110
81 111
81 101
82 106
82 94
82 90
82 99
82 93
82 95
82 92
82 108
82 88
82 118
83 119
83 117
83 98
83 96
83 103
83 91
83 102
83 97
83 100
83 114
84 93
84 90
84 92
84 104
84 105
84 85
84 89
84 94
84 99
84 106
85 93
85 90
85 99
85 89
85 106
85 94
85 104
85 84
85 92
85 105
86 87
86 176
86 134
86 109
86 115
86 116
86 107
86 113
86 112
86 80
87 80
87 113
87 107
87 175
87 108
87 109
87 230
87 115
87 116
87 176
88 89
88 118
88 90
88 95
88 99
88 94
88 85
88 93
88 92
88 106
89 93
89 90
89 92
89 99
89 105
89 94
89 104
89 106
89 85
89 84
90 84
90 85
90 95
90 89
90 99
90 88
90 92
90 106
90 93
90 94
91 83
91 114
91 119
91 96
91 100
91 103
91 97
91 98
91 117
91 102
92 104
92 89
92 85
92 88
92 106
92 94
92 95
92 93
92 90
92 99
93 89
93 85
93 118
93 106
93 94
93 99
93 90
93 95
93 92
93 88
94 95
94 93
94 84
94 85
94 89
94 90
94 104
94 92
94 99
94 106
95 89
95 85
95 92
95 118
95 99
95 106
95 93
95 88
95 94
95 90
96 195
96 119
96 100
96 114
96 91
96 102
96 97
96 103
96 98
96 117
97 119
97 96
97 100
97 83
97 103
97 114
97 117
97 98
97 102
97 91
98 195
98 114
98 100
98 97
98 91
98 96
98 103
98 102
98 117
98 119
99 84
99 88
99 89
99 85
99 90
99 92
99 94
99 106
99 95
99 93
100 119
100 97
100 96
100 91
100 83
100 102
100 103
100 114
100 117
100 98
101 115
101 116
101 80
101 81
101 107
101 110
101 111
101 113
101 112
101 86
102 83
102 119
102 114
102 100
102 96
102 98
102 97
102 117
102 103
102 91
103 195
103 114
103 100
103 97
103 91
103 96
103 98
103 102
103 117
103 119
104 93
104 90
104 92
104 99
104 106
104 84
104 94
104 85
104 89
104 105
105 93
105 90
105 92
105 84
105 99
105 85
105 89
105 106
105 104
105 94
106 93
106 90
106 104
106 84
106 105
106 92
106 94
106 89
106 99
106 85
107 87
107 176
107 116
107 115
107 86
107 109
107 80
107 113
107 134
107 112
108 115
108 201
108 231
108 230
108 118
108 176
108 82
108 221
108 109
108 87
109 112
109 175
109 107
109 86
109 116
109 115
109 113
109 87
109 80
109 176
110 115
110 116
110 80
110 81
110 107
110 113
110 101
110 111
110 86
110 112
111 115
111 116
111 80
111 86
111 112
111 113
111 107
111 110
111 81
111 101
112 175
112 176
112 134
112 109
112 115
112 107
112 113
112 116
112 80
112 86
113 87
113 176
113 115
113 112
113 107
113 80
113 109
113 116
113 134
113 86
114 119
114 117
114 96
114 91
114 83
114 98
114 100
114 102
114 103
114 97
115 175
115 112
115 107
115 113
115 176
115 109
115 87
115 80
115 86
115 116
116 176
116 134
116 87
116 107
116 109
116 113
116 115
116 112
116 86
116 80
117 195
117 119
117 100
117 114
117 91
117 102
117 97
117 103
117 98
117 96
118 105
118 106
118 94
118 99
118 82
118 93
118 95
118 88
118 90
118 92
119 193
119 98
119 103
119 114
119 91
119 100
119 117
119 102
119 97
119 96
120 177
120 167
120 148
120 129
120 168
120 163
120 162
120 198
120 140
120 155
121 132
121 158
121 154
121 151
121 123
121 143
121 122
121 141
121 137
121 131
122 142
122 143
122 137
122 141
122 151
122 123
122 158
122 154
122 131
122 121
123 121
123 132
123 125
123 154
123 151
123 143
123 142
123 141
123 137
123 158
124 144
124 146
124 147
124 126
124 138
124 133
124 139
124 153
124 145
124 152
125 131
125 132
125 158
125 151
125 123
125 143
125 142
125 141
125 137
125 154
126 144
126 146
126 133
126 147
126 153
126 138
126 139
126 145
126 152
126 124
127 179
127 188
127 165
127 170
127 183
127 172
127 128
127 190
127 159
127 135
128 188
128 165
128 179
128 183
128 170
128 190
128 172
128 159
128 135
128 127
129 168
129 148
129 177
129 140
129 181
129 198
129 120
129 163
129 162
129 155
130 139
130 153
130 136
130 159
130 138
130 147
130 133
130 157
130 144
130 146
131 143
131 141
131 151
131 123
131 122
131 150
131 154
131 158
131 121
131 137
132 121
132 125
132 154
132 151
132 123
132 143
132 142
132 141
132 137
132 158
133 124
133 157
133 152
133 144
133 130
133 153
133 147
133 139
133 138
133 146
134 107
134 113
134 86
134 109
134 80
134 115
134 116
134 176
134 175
134 191
135 188
135 15
135 165
135 170
135 190
135 159
135 183
135 172
135 128
135 127
136 139
136 128
136 138
136 157
136 146
136 133
136 147
136 144
136 159
136 130
137 131
137 132
137 125
137 154
137 151
137 123
137 143
137 142
137 141
137 158
138 144
138 146
138 145
138 153
138 124
138 152
138 126
138 139
138 133
138 147
139 144
139 146
139 126
139 147
139 138
139 133
139 124
139 153
139 152
139 145
140 167
140 177
140 168
140 120
140 155
140 163
140 148
140 129
140 198
140 162
141 121
141 132
141 125
141 154
141 151
141 123
141 143
141 142
141 137
141 158
142 131
142 132
142 125
142 154
142 151
142 123
142 143
142 141
142 137
142 158
143 131
143 132
143 125
143 154
143 151
143 123
143 142
143 141
143 137
143 158
144 139
144 153
144 159
144 138
144 136
144 133
144 130
144 147
144 157
144 146
145 144
145 146
145 138
145 153
145 133
145 126
145 147
145 139
145 152
145 124
146 159
146 139
146 136
146 153
146 138
146 144
146 133
146 157
146 130
146 147
147 124
147 157
147 152
147 153
147 130
147 146
147 144
147 139
147 138
147 133
148 201
148 162
148 231
148 168
148 163
148 155
148 120
148 129
148 198
148 140
149 133
149 147
149 153
149 139
149 145
149 152
149 138
149 126
149 124
149 156
150 142
150 151
150 143
150 123
150 122
150 154
150 158
150 121
150 137
150 131
151 125
151 121
151 132
151 154
151 123
151 143
151 142
151 141
151 137
151 158
152 144
152 146
152 133
152 147
152 138
152 126
152 139
152 153
152 145
152 124
153 144
153 133
153 146
153 147
153 138
153 126
153 152
153 124
153 139
153 145
154 131
154 132
154 125
154 151
154 123
154 143
154 142
154 141
154 137
154 158
155 167
155 177
155 168
155 162
155 163
155 148
155 129
155 140
155 120
155 198
156 133
156 147
156 145
156 138
156 152
156 139
156 126
156 149
156 124
156 153
157 139
157 153
157 138
157 159
157 136
157 147
157 133
157 144
157 146
157 130
158 132
158 123
158 154
158 151
158 122
158 143
158 142
158 141
158 137
158 131
159 193
159 146
159 135
159 195
159 127
159 128
159 130
159 136
159 144
159 157
160 190
160 170
160 183
160 189
160 165
160 188
160 184
160 179
160 195
160 193
161 198
161 162
161 163
161 167
161 177
161 181
161 182
161 191
161 194
161 168
162 175
162 182
162 161
162 163
162 167
162 177
162 181
162 198
162 194
162 168
163 175
163 182
163 161
163 162
163 167
163 177
163 181
163 198
163 194
163 168
164 166
164 174
164 178
164 180
164 173
164 187
164 171
164 199
164 169
164 192
165 190
165 195
165 160
165 193
165 179
165 183
165 189
165 184
165 188
165 170
166 174
166 199
166 173
166 164
166 178
166 171
166 187
166 185
166 186
166 192
167 191
167 182
167 198
167 177
167 163
167 162
167 161
167 168
167 181
167 194
168 191
168 182
168 177
168 161
168 198
168 181
168 163
168 194
168 162
168 167
169 192
169 174
169 164
169 178
169 187
169 173
169 199
169 171
169 196
169 180
170 190
170 160
170 179
170 195
170 193
170 184
170 189
170 188
170 165
170 183
171 185
171 174
171 192
171 164
171 199
171 173
171 178
171 187
171 169
171 166
172 193
172 160
172 184
172 179
172 188
172 170
172 165
172 189
172 190
172 183
173 166
173 174
173 164
173 178
173 180
173 199
173 171
173 192
173 169
173 187
174 192
174 164
174 178
174 187
174 173
174 199
174 171
174 196
174 169
174 180
175 194
175 168
175 177
175 181
175 191
175 176
175 161
175 182
175 167
175 134
176 230
176 181
176 177
176 175
176 87
176 109
176 115
176 191
176 134
176 161
177 175
177 163
177 182
177 198
177 194
177 162
177 168
177 161
177 181
177 167
178 180
178 166
178 192
178 174
178 199
178 173
178 187
178 171
178 169
178 164
179 190
179 160
179 195
179 183
179 193
179 189
179 170
179 188
179 165
179 184
180 187
180 171
180 178
180 196
180 173
180 164
180 197
180 199
180 169
180 174
181 191
181 182
181 198
181 163
181 162
181 168
181 161
181 177
181 194
181 167
182 163
182 175
182 162
182 168
182 167
182 161
182 181
182 191
182 194
182 177
183 195
183 190
183 179
183 160
183 193
183 184
183 189
183 188
183 165
183 170
184 190
184 160
184 195
184 183
184 193
184 170
184 189
184 188
184 165
184 179
185 174
185 199
185 178
185 173
185 192
185 171
185 187
185 186
185 164
185 166
186 174
186 199
186 173
186 178
186 164
186 171
186 187
186 192
186 185
186 166
187 174
187 199
187 186
187 185
187 178
187 164
187 192
187 173
187 171
187 166
188 190
188 195
188 160
188 183
188 193
188 189
188 179
188 184
188 165
188 170
189 190
189 195
189 193
189 183
189 160
189 179
189 170
189 188
189 165
189 184
190 193
190 160
190 165
190 183
190 184
190 170
190 188
190 189
190 179
190 172
191 134
191 168
191 161
191 167
191 175
191 176
191 181
191 182
191 194
191 177
192 174
192 199
192 173
192 178
192 185
192 164
192 186
192 171
192 187
192 166
193 190
193 170
193 183
193 189
193 165
193 188
193 184
193 160
193 179
193 195
194 191
194 182
194 198
194 167
194 163
194 162
194 161
194 177
194 181
194 168
195 190
195 184
195 183
195 188
195 193
195 179
195 170
195 165
195 189
195 160
196 187
196 171
196 199
196 180
196 164
196 174
196 178
196 197
196 173
196 169
197 193
197 195
197 178
197 164
197 180
197 169
197 174
197 196
197 173
197 199
198 175
198 177
198 181
198 167
198 163
198 162
198 161
198 182
198 194
198 168
199 192
199 174
199 164
199 178
199 187
199 173
199 171
199 196
199 169
199 180
200 220
200 205
200 216
200 214
200 232
200 209
200 218
200 217
200 238
200 227
201 177
201 162
201 163
201 198
201 148
201 108
201 9
201 230
201 231
201 221
202 234
202 210
202 215
202 228
202 204
202 219
202 226
202 206
202 207
202 15
203 208
203 225
203 233
203 224
203 213
203 212
203 229
203 236
203 237
203 223
204 222
204 235
204 239
204 234
204 219
204 210
204 206
204 228
204 226
204 215
205 209
205 200
205 232
205 214
205 227
205 211
205 217
205 218
205 238
205 220
206 222
206 235
206 239
206 204
206 234
206 228
206 226
206 210
206 219
206 215
207 235
207 239
207 234
207 219
207 226
207 228
207 210
207 204
207 206
207 215
208 213
208 203
208 237
208 223
208 239
208 233
208 235
208 222
208 212
208 224
209 227
209 217
209 200
209 232
209 216
209 229
209 225
209 236
209 218
209 238
210 222
210 235
210 239
210 206
210 226
210 234
210 219
210 204
210 215
210 228
211 209
211 205
211 200
211 232
211 214
211 227
211 217
211 218
211 238
211 220
212 239
212 208
212 224
212 203
212 233
212 223
212 235
212 222
212 237
212 213
213 208
213 233
213 224
213 212
213 225
213 229
213 236
213 237
213 203
213 223
214 209
214 205
214 200
214 232
214 227
214 211
214 217
214 218
214 238
214 220
215 222
215 235
215 239
215 206
215 226
215 234
215 219
215 228
215 210
215 204
216 213
216 229
216 232
216 238
216 236
216 218
216 217
216 225
216 200
216 209
217 220
217 205
217 214
217 232
217 209
217 200
217 216
217 218
217 238
217 227
218 209
218 211
218 205
218 217
218 220
218 214
218 232
218 200
218 238
218 227
219 222
219 235
219 239
219 228
219 226
219 234
219 215
219 210
219 206
219 204
220 209
220 205
220 200
220 232
220 214
220 227
220 211
220 217
220 218
220 238
221 148
221 230
221 231
221 177
221 163
221 108
221 162
221 198
221 9
221 201
222 213
222 223
222 237
222 224
222 212
222 234
222 233
222 235
222 208
222 239
223 208
223 236
223 233
223 225
223 229
223 212
223 224
223 237
223 203
223 213
224 229
224 235
224 222
224 203
224 213
224 208
224 233
224 237
224 212
224 223
225 209
225 212
225 224
225 213
225 229
225 223
225 236
225 237
225 203
225 216
226 222
226 235
226 239
226 228
226 234
226 215
226 210
226 206
226 204
226 219
227 209
227 205
227 200
227 232
227 214
227 211
227 217
227 218
227 238
227 220
228 222
228 215
228 210
228 219
228 234
228 235
228 226
228 204
228 206
228 239
229 208
229 233
229 212
229 223
229 225
229 224
229 236
229 237
229 203
229 213
230 108
230 109
230 198
230 177
230 175
230 231
230 201
230 87
230 176
230 221
231 168
231 230
231 177
231 221
231 108
231 198
231 162
231 163
231 9
231 201
232 209
232 217
232 211
232 220
232 205
232 200
232 214
232 218
232 238
232 227
233 213
233 208
233 224
233 203
233 223
233 235
233 222
233 237
233 212
233 239
234 206
234 233
234 204
234 208
234 215
234 228
234 222
234 210
234 235
234 239
235 210
235 223
235 237
235 224
235 212
235 233
235 222
235 234
235 208
235 239
236 216
236 233
236 224
236 225
236 213
236 229
236 223
236 237
236 203
236 212
237 222
237 208
237 225
237 203
237 233
237 212
237 213
237 229
237 223
237 224
238 209
238 211
238 205
238 217
238 220
238 200
238 214
238 232
238 218
238 227
239 237
239 215
239 208
239 224
239 233
239 234
239 235
239 222
239 210
239 212
