0 29
0 26
0 4
0 18
0 14
0 32
0 33
0 17
0 28
0 35
1 17
1 33
1 35
1 32
1 34
1 26
1 19
1 31
1 11
1 29
2 19
2 10
2 39
2 38
2 28
2 8
2 7
2 16
2 12
2 13
3 192
3 36
3 37
3 22
3 30
3 5
3 21
3 23
3 24
3 27
4 14
4 10
4 12
4 32
4 9
4 19
4 7
4 28
4 33
4 29
5 192
5 30
5 23
5 22
5 21
5 27
5 24
5 36
5 3
5 37
6 10
6 20
6 4
6 1
6 26
6 33
6 31
6 29
6 35
6 25
7 12
7 13
7 4
7 29
7 9
7 38
7 14
7 39
7 10
7 28
8 32
8 12
8 14
8 13
8 16
8 7
8 39
8 18
8 2
8 28
9 26
9 33
9 28
9 10
9 14
9 7
9 29
9 4
9 39
9 25
10 20
10 26
10 12
10 4
10 39
10 9
10 7
10 14
10 29
10 34
11 26
11 4
11 15
11 31
11 12
11 29
11 34
11 19
11 1
11 32
12 34
12 28
12 10
12 32
12 11
12 19
12 7
12 4
12 2
12 29
13 19
13 18
13 12
13 32
13 16
13 4
13 7
13 8
13 2
13 28
14 32
14 33
14 34
14 10
14 9
14 7
14 28
14 4
14 39
14 29
15 19
15 7
15 18
15 1
15 20
15 14
15 11
15 29
15 39
15 34
16 10
16 18
16 14
16 38
16 13
16 8
16 7
16 39
16 28
16 2
17 19
17 26
17 25
17 4
17 0
17 31
17 32
17 33
17 35
17 1
18 14
18 29
18 28
18 13
18 8
18 7
18 15
18 38
18 39
18 0
19 7
19 28
19 33
19 11
19 12
19 1
19 34
19 32
19 4
19 29
20 14
20 35
20 11
20 15
20 19
20 1
20 26
20 29
20 10
20 34
21 192
21 36
21 37
21 27
21 30
21 5
21 3
21 24
21 22
21 23
22 192
22 36
22 37
22 5
22 27
22 30
22 21
22 3
22 24
22 23
23 192
23 36
23 37
23 5
23 27
23 30
23 21
23 3
23 24
23 22
24 192
24 36
24 37
24 22
24 30
24 5
24 21
24 3
24 23
24 27
25 28
25 14
25 31
25 17
25 9
25 33
25 6
25 4
25 35
25 26
26 34
26 10
26 9
26 25
26 33
26 1
26 6
26 29
26 35
26 31
27 192
27 36
27 37
27 22
27 30
27 5
27 21
27 3
27 23
27 24
28 9
28 19
28 33
28 32
28 8
28 14
28 7
28 39
28 4
28 13
29 32
29 9
29 7
29 26
29 1
29 10
29 11
29 19
29 20
29 34
30 192
30 36
30 37
30 5
30 27
30 21
30 3
30 24
30 23
30 22
31 32
31 19
31 33
31 29
31 26
31 35
31 6
31 17
31 1
31 11
32 9
32 17
32 11
32 19
32 12
32 28
32 29
32 4
32 1
32 33
33 31
33 28
33 25
33 32
33 9
33 26
33 17
33 4
33 35
33 19
34 39
34 15
34 11
34 10
34 14
34 19
34 7
34 20
34 1
34 29
35 4
35 29
35 0
35 17
35 25
35 26
35 31
35 6
35 33
35 1
36 192
36 30
36 23
36 22
36 21
36 27
36 24
36 5
36 3
36 37
37 192
37 30
37 23
37 22
37 21
37 27
37 24
37 36
37 5
37 3
38 18
38 12
38 14
38 13
38 16
38 9
38 7
38 39
38 28
38 10
39 16
39 15
39 34
39 29
39 9
39 10
39 7
39 28
39 38
39 14
40 336
40 343
40 48
40 63
40 72
40 42
40 51
40 61
40 67
40 79
41 52
41 78
41 43
41 66
41 71
41 56
41 53
41 47
41 54
41 60
42 336
42 72
42 291
42 51
42 48
42 79
42 40
42 67
42 63
42 61
43 71
43 56
43 78
43 54
43 53
43 60
43 41
43 44
43 66
43 47
44 78
44 71
44 60
44 66
44 43
44 47
44 54
44 56
44 53
44 41
45 62
45 50
45 73
45 70
45 57
45 69
45 58
45 65
45 55
45 49
46 135
46 150
46 156
46 76
46 157
46 68
46 59
46 74
46 77
46 155
47 43
47 52
47 53
47 66
47 78
47 56
47 41
47 60
47 71
47 54
48 336
48 291
48 72
48 51
48 40
48 79
48 42
48 67
48 63
48 61
49 56
49 71
49 52
49 55
49 45
49 57
49 58
49 65
49 69
49 78
50 47
50 60
50 78
50 58
50 70
50 45
50 65
50 52
50 62
50 73
51 343
51 336
51 42
51 72
51 79
51 63
51 61
51 48
51 40
51 67
52 55
52 53
52 65
52 41
52 71
52 54
52 47
52 78
52 56
52 60
53 52
53 43
53 66
53 78
53 71
53 56
53 54
53 47
53 60
53 41
54 43
54 66
54 52
54 53
54 78
54 56
54 41
54 60
54 47
54 71
55 56
55 78
55 71
55 45
55 52
55 58
55 57
55 69
55 65
55 49
56 66
56 65
56 52
56 78
56 53
56 54
56 41
56 47
56 71
56 60
57 56
57 71
57 78
57 52
57 45
57 58
57 55
57 65
57 69
57 49
58 62
58 50
58 73
58 70
58 57
58 69
58 65
58 55
58 45
58 49
59 135
59 150
59 156
59 76
59 157
59 46
59 68
59 74
59 77
59 155
60 43
60 66
60 52
60 78
60 53
60 54
60 41
60 56
60 47
60 71
61 336
61 291
61 48
61 63
61 72
61 42
61 51
61 79
61 40
61 67
62 47
62 60
62 52
62 65
62 78
62 70
62 58
62 45
62 73
62 50
63 336
63 72
63 291
63 51
63 48
63 79
63 40
63 67
63 61
63 42
64 56
64 54
64 47
64 60
64 41
64 43
64 53
64 66
64 75
64 44
65 56
65 78
65 52
65 71
65 45
65 57
65 58
65 69
65 49
65 55
66 71
66 56
66 78
66 54
66 53
66 60
66 41
66 43
66 44
66 47
67 336
67 343
67 48
67 63
67 72
67 42
67 51
67 61
67 40
67 79
68 135
68 150
68 156
68 76
68 157
68 46
68 59
68 74
68 77
68 155
69 56
69 71
69 52
69 55
69 45
69 57
69 58
69 65
69 49
69 78
70 60
70 78
70 58
70 45
70 65
70 50
70 52
70 55
70 62
70 73
71 55
71 65
71 52
71 78
71 53
71 41
71 60
71 54
71 47
71 56
72 343
72 336
72 42
72 79
72 63
72 61
72 48
72 40
72 51
72 67
73 60
73 78
73 58
73 70
73 45
73 65
73 50
73 52
73 55
73 62
74 135
74 150
74 156
74 155
74 68
74 46
74 76
74 157
74 59
74 77
75 56
75 54
75 47
75 60
75 41
75 43
75 53
75 66
75 64
75 44
76 135
76 150
76 156
76 157
76 46
76 68
76 59
76 74
76 77
76 155
77 135
77 150
77 156
77 76
77 157
77 46
77 68
77 59
77 74
77 155
78 55
78 41
78 65
78 53
78 56
78 60
78 54
78 52
78 71
78 47
79 336
79 291
79 63
79 42
79 48
79 40
79 51
79 61
79 67
79 72
80 81
80 115
80 105
80 85
80 100
80 99
80 109
80 119
80 98
80 96
81 86
81 119
81 85
81 110
81 105
81 91
81 115
81 113
81 83
81 117
82 90
82 114
82 92
82 95
82 84
82 87
82 108
82 104
82 102
82 111
83 86
83 119
83 85
83 110
83 105
83 91
83 115
83 81
83 113
83 117
84 90
84 114
84 92
84 95
84 87
84 108
84 104
84 102
84 82
84 111
85 117
85 113
85 91
85 81
85 98
85 119
85 115
85 105
85 96
85 80
86 105
86 115
86 81
86 113
86 90
86 117
86 110
86 91
86 83
86 114
87 90
87 111
87 114
87 104
87 84
87 102
87 95
87 92
87 82
87 108
88 87
88 111
88 97
88 116
88 108
88 118
88 94
88 92
88 104
88 95
89 35
89 6
89 31
89 25
89 17
89 93
89 106
89 321
89 342
89 112
90 105
90 115
90 113
90 81
90 91
90 117
90 86
90 114
90 83
90 110
91 86
91 119
91 85
91 110
91 105
91 115
91 81
91 113
91 83
91 117
92 114
92 118
92 84
92 82
92 102
92 87
92 111
92 104
92 95
92 108
93 35
93 17
93 25
93 31
93 112
93 106
93 6
93 89
93 321
93 342
94 87
94 111
94 97
94 116
94 108
94 118
94 92
94 88
94 104
94 95
95 114
95 118
95 84
95 102
95 82
95 87
95 104
95 92
95 108
95 111
96 113
96 105
96 115
96 99
96 109
96 100
96 85
96 98
96 119
96 80
97 87
97 111
97 94
97 116
97 108
97 118
97 104
97 88
97 92
97 95
98 113
98 115
98 105
98 85
98 119
98 100
98 96
98 99
98 109
98 80
99 81
99 115
99 85
99 96
99 119
99 105
99 98
99 109
99 80
99 100
100 81
100 115
100 85
100 96
100 119
100 105
100 98
100 99
100 109
100 80
101 159
101 145
101 152
101 172
101 170
101 168
101 182
101 107
101 103
101 133
102 90
102 114
102 92
102 95
102 84
102 87
102 108
102 104
102 82
102 111
103 159
103 145
103 152
103 172
103 170
103 168
103 182
103 101
103 107
103 133
104 114
104 118
104 84
104 102
104 82
104 87
104 95
104 92
104 108
104 111
105 96
105 110
105 119
105 113
105 81
105 117
105 115
105 91
105 85
105 83
106 35
106 6
106 31
106 25
106 17
106 112
106 93
106 342
106 89
106 321
107 159
107 145
107 152
107 172
107 101
107 103
107 170
107 168
107 133
107 182
108 114
108 118
108 84
108 102
108 82
108 87
108 104
108 95
108 92
108 111
109 81
109 115
109 85
109 96
109 119
109 105
109 98
109 99
109 80
109 100
110 105
110 115
110 81
110 113
110 90
110 117
110 86
110 91
110 83
110 114
111 114
111 118
111 84
111 102
111 82
111 87
111 104
111 95
111 92
111 108
112 35
112 6
112 31
112 25
112 17
112 93
112 89
112 106
112 321
112 342
113 86
113 119
113 85
113 110
113 105
113 91
113 115
113 81
113 83
113 117
114 105
114 115
114 81
114 91
114 117
114 110
114 86
114 83
114 90
114 113
115 96
115 110
115 119
115 113
115 81
115 117
115 91
115 85
115 83
115 105
116 87
116 111
116 97
116 108
116 118
116 94
116 92
116 88
116 104
116 95
117 86
117 119
117 85
117 110
117 105
117 91
117 115
117 81
117 113
117 83
118 102
118 84
118 82
118 87
118 111
118 104
118 97
118 95
118 92
118 108
119 117
119 91
119 113
119 115
119 105
119 81
119 98
119 96
119 85
119 80
120 121
120 153
120 146
120 142
120 147
120 141
120 122
120 131
120 148
120 134
121 120
121 141
121 153
121 148
121 149
121 142
121 129
121 143
121 146
121 154
122 129
122 124
122 141
122 153
122 142
122 147
122 134
122 120
122 131
122 148
123 132
123 145
123 133
123 144
123 159
123 126
123 152
123 137
123 140
123 138
124 147
124 125
124 130
124 148
124 127
124 136
124 122
124 134
124 120
124 131
125 134
125 122
125 124
125 132
125 136
125 130
125 139
125 127
125 128
125 151
126 132
126 145
126 133
126 144
126 159
126 152
126 137
126 140
126 123
126 138
127 148
127 122
127 134
127 136
127 139
127 124
127 151
127 125
127 128
127 130
128 122
128 124
128 136
128 127
128 132
128 138
128 130
128 139
128 125
128 151
129 147
129 141
129 149
129 143
129 148
129 142
129 121
129 153
129 146
129 154
130 134
130 138
130 124
130 125
130 139
130 127
130 136
130 128
130 132
130 151
131 154
131 141
131 153
131 122
131 146
131 134
131 147
131 120
131 148
131 142
132 134
132 127
132 124
132 136
132 128
132 138
132 125
132 151
132 139
132 130
133 132
133 138
133 137
133 123
133 144
133 145
133 140
133 159
133 152
133 126
134 154
134 141
134 124
134 122
134 153
134 146
134 120
134 131
134 148
134 142
135 182
135 172
135 170
135 168
135 380
135 158
135 157
135 156
135 155
135 150
136 132
136 131
136 151
136 127
136 139
136 124
136 122
136 134
136 120
136 130
137 101
137 138
137 152
137 133
137 140
137 126
137 123
137 144
137 145
137 159
138 122
138 124
138 136
138 125
138 127
138 130
138 139
138 128
138 132
138 151
139 122
139 124
139 136
139 127
139 132
139 138
139 130
139 125
139 128
139 151
140 132
140 145
140 133
140 144
140 159
140 126
140 152
140 137
140 123
140 138
141 149
141 121
141 148
141 154
141 153
141 146
141 120
141 131
141 147
141 142
142 121
142 120
142 129
142 148
142 146
142 131
142 154
142 141
142 153
142 147
143 147
143 153
143 142
143 148
143 141
143 129
143 121
143 146
143 149
143 154
144 132
144 145
144 133
144 159
144 126
144 152
144 137
144 140
144 123
144 138
145 132
145 138
145 159
145 133
145 126
145 152
145 137
145 123
145 140
145 144
146 120
146 131
146 148
146 153
146 129
146 142
146 121
146 141
146 143
146 154
147 129
147 122
147 154
147 141
147 153
147 146
147 120
147 131
147 148
147 142
148 129
148 141
148 153
148 122
148 146
148 134
148 147
148 120
148 131
148 142
149 148
149 147
149 142
149 154
149 141
149 153
149 121
149 143
149 146
149 129
150 168
150 182
150 172
150 170
150 380
150 158
150 156
150 155
150 135
150 157
151 134
151 138
151 124
151 125
151 139
151 127
151 136
151 128
151 132
151 130
152 132
152 138
152 137
152 123
152 144
152 145
152 140
152 159
152 126
152 133
153 120
153 129
153 146
153 131
153 147
153 148
153 121
153 154
153 141
153 142
154 147
154 149
154 148
154 143
154 141
154 146
154 121
154 129
154 153
154 142
155 168
155 170
155 172
155 182
155 380
155 157
155 156
155 150
155 135
155 158
156 170
156 182
156 172
156 168
156 380
156 158
156 155
156 150
156 135
156 157
157 168
157 170
157 172
157 182
157 380
157 156
157 155
157 150
157 135
157 158
158 187
158 168
158 182
158 170
158 172
158 150
158 157
158 156
158 155
158 135
159 132
159 138
159 133
159 126
159 145
159 152
159 137
159 123
159 140
159 144
160 185
160 193
160 179
160 161
160 183
160 166
160 188
160 165
160 163
160 162
161 185
161 193
161 179
161 183
161 166
161 188
161 165
161 163
161 162
161 160
162 183
162 188
162 160
162 161
162 166
162 185
162 165
162 193
162 163
162 179
163 183
163 188
163 160
163 161
163 166
163 185
163 165
163 193
163 162
163 179
164 188
164 160
164 183
164 161
164 199
164 171
164 174
164 175
164 190
164 198
165 183
165 188
165 160
165 161
165 166
165 185
165 193
165 163
165 162
165 179
166 183
166 188
166 160
166 161
166 185
166 165
166 193
166 163
166 162
166 179
167 170
167 168
167 172
167 192
167 181
167 182
167 189
167 187
167 178
167 176
168 181
168 189
168 107
168 167
168 170
168 182
168 172
168 178
168 176
168 187
169 195
169 186
169 185
169 194
169 180
169 197
169 191
169 177
169 184
169 173
170 181
170 189
170 107
170 167
170 168
170 182
170 172
170 178
170 176
170 187
171 196
171 183
171 188
171 161
171 160
171 174
171 175
171 198
171 190
171 199
172 181
172 189
172 107
172 167
172 168
172 170
172 182
172 178
172 176
172 187
173 195
173 186
173 185
173 194
173 180
173 197
173 191
173 177
173 184
173 169
174 196
174 183
174 161
174 188
174 160
174 199
174 171
174 175
174 190
174 198
175 196
175 183
175 161
175 188
175 160
175 199
175 171
175 174
175 190
175 198
176 170
176 168
176 172
176 192
176 181
176 182
176 167
176 189
176 187
176 178
177 185
177 195
177 184
177 169
177 173
177 180
177 191
177 194
177 186
177 197
178 170
178 168
178 172
178 192
178 181
178 182
178 167
178 189
178 187
178 176
179 183
179 188
179 160
179 161
179 166
179 185
179 165
179 193
179 163
179 162
180 183
180 196
180 162
180 193
180 166
180 163
180 179
180 165
180 195
180 185
181 182
181 168
181 170
181 176
181 167
181 187
181 189
181 172
181 192
181 178
182 181
182 189
182 107
182 167
182 168
182 170
182 172
182 178
182 176
182 187
183 185
183 193
183 179
183 161
183 166
183 188
183 165
183 163
183 162
183 160
184 195
184 186
184 185
184 194
184 180
184 197
184 191
184 177
184 169
184 173
185 160
185 188
185 195
185 183
185 193
185 166
185 162
185 165
185 179
185 163
186 185
186 195
186 184
186 169
186 173
186 180
186 191
186 194
186 177
186 197
187 170
187 168
187 172
187 192
187 181
187 182
187 167
187 189
187 178
187 176
188 185
188 193
188 179
188 161
188 183
188 166
188 165
188 163
188 162
188 160
189 170
189 168
189 172
189 192
189 181
189 182
189 167
189 187
189 178
189 176
190 196
190 188
190 161
190 160
190 183
190 199
190 171
190 174
190 175
190 198
191 185
191 195
191 184
191 169
191 173
191 180
191 194
191 186
191 177
191 197
192 182
192 168
192 170
192 176
192 181
192 167
192 187
192 189
192 172
192 178
193 183
193 188
193 160
193 161
193 166
193 185
193 165
193 163
193 162
193 179
194 185
194 195
194 184
194 169
194 173
194 180
194 191
194 186
194 177
194 197
195 183
195 185
195 162
195 193
195 166
195 163
195 179
195 165
195 196
195 180
196 188
196 160
196 161
196 179
196 166
196 163
196 162
196 193
196 195
196 165
197 185
197 195
197 184
197 169
197 173
197 180
197 191
197 194
197 186
197 177
198 196
198 183
198 161
198 188
198 160
198 199
198 171
198 174
198 175
198 190
199 163
199 162
199 166
199 165
199 160
199 188
199 183
199 161
199 171
199 196
200 232
200 222
200 217
200 230
200 233
200 215
200 209
200 229
200 218
200 212
201 212
201 229
201 216
201 218
201 208
201 230
201 210
201 222
201 200
201 209
202 235
202 219
202 234
202 204
202 231
202 214
202 211
202 237
202 207
202 226
203 213
203 226
203 204
203 231
203 202
203 235
203 206
203 211
203 205
203 224
204 203
204 231
204 202
204 226
204 207
204 205
204 214
204 237
204 211
204 219
205 221
205 224
205 211
205 204
205 227
205 235
205 202
205 220
205 231
205 203
206 202
206 226
206 231
206 235
206 211
206 205
206 213
206 203
206 224
206 227
207 228
207 225
207 211
207 231
207 234
207 226
207 204
207 237
207 214
207 202
208 233
208 212
208 215
208 232
208 229
208 210
208 217
208 209
208 218
208 200
209 230
209 215
209 217
209 208
209 232
209 212
209 233
209 218
209 200
209 229
210 233
210 230
210 232
210 229
210 201
210 216
210 209
210 208
210 218
210 200
211 237
211 231
211 227
211 203
211 220
211 221
211 235
211 234
211 213
211 202
212 209
212 216
212 223
212 233
212 222
212 230
212 236
212 229
212 218
212 200
213 217
213 234
213 220
213 205
213 206
213 235
213 221
213 211
213 203
213 227
214 211
214 203
214 231
214 202
214 225
214 204
214 239
214 237
214 207
214 226
215 219
215 235
215 209
215 220
215 223
215 221
215 217
215 212
215 229
215 200
216 232
216 228
216 222
216 233
216 230
216 236
216 212
216 218
216 238
216 229
217 234
217 221
217 229
217 233
217 215
217 200
217 220
217 209
217 223
217 212
218 219
218 228
218 230
218 209
218 233
218 232
218 236
218 229
218 216
218 212
219 212
219 202
219 232
219 220
219 234
219 228
219 223
219 236
219 233
219 221
220 215
220 211
220 212
220 233
220 217
220 219
220 235
220 234
220 223
220 221
221 231
221 223
221 232
221 211
221 213
221 202
221 234
221 235
221 220
221 219
222 200
222 223
222 218
222 233
222 229
222 236
222 216
222 212
222 238
222 230
223 235
223 215
223 236
223 229
223 234
223 233
223 221
223 212
223 219
223 220
224 226
224 202
224 231
224 235
224 213
224 227
224 211
224 205
224 206
224 203
225 205
225 202
225 203
225 231
225 204
225 239
225 214
225 226
225 237
225 207
226 225
226 234
226 203
226 231
226 204
226 211
226 214
226 202
226 237
226 207
227 220
227 234
227 221
227 213
227 203
227 235
227 211
227 205
227 206
227 224
228 223
228 232
228 233
228 234
228 216
228 236
228 218
228 219
228 238
228 212
229 223
229 216
229 222
229 232
229 233
229 218
229 230
229 212
229 209
229 200
230 232
230 218
230 222
230 233
230 216
230 236
230 212
230 229
230 238
230 200
231 207
231 226
231 211
231 235
231 203
231 205
231 204
231 237
231 214
231 202
232 216
232 221
232 233
232 228
232 218
232 236
232 212
232 209
232 219
232 229
233 238
233 229
233 219
233 228
233 230
233 216
233 236
233 212
233 218
233 232
234 237
234 207
234 235
234 202
234 228
234 219
234 220
234 211
234 223
234 221
235 219
235 202
235 231
235 205
235 234
235 220
235 203
235 213
235 211
235 221
236 228
236 232
236 222
236 233
236 218
236 216
236 212
236 230
236 238
236 219
237 203
237 234
237 225
237 211
237 204
237 231
237 226
237 214
237 207
237 202
238 232
238 218
238 219
238 212
238 228
238 222
238 233
238 216
238 236
238 230
239 224
239 231
239 203
239 202
239 204
239 214
239 226
239 225
239 237
239 207
240 261
240 273
240 279
240 268
240 243
240 241
240 259
240 271
240 253
240 244
241 253
241 273
241 243
241 261
241 269
241 244
241 279
241 260
241 271
241 268
242 254
242 272
242 270
242 250
242 246
242 265
242 275
242 264
242 262
242 257
243 244
243 279
243 273
243 253
243 269
243 268
243 247
243 261
243 259
243 271
244 261
244 279
244 273
244 259
244 240
244 253
244 271
244 243
244 268
244 241
245 260
245 279
245 261
245 258
245 252
245 278
245 277
245 249
245 256
245 267
246 272
246 274
246 257
246 265
246 254
246 264
246 250
246 275
246 262
246 242
247 259
247 258
247 248
247 273
247 277
247 243
247 279
247 268
247 261
247 269
248 268
248 277
248 249
248 273
248 243
248 261
248 247
248 259
248 256
248 269
249 247
249 269
249 260
249 279
249 258
249 261
249 267
249 245
249 256
249 277
250 255
250 266
250 257
250 246
250 242
250 265
250 275
250 264
250 262
250 272
251 262
251 255
251 272
251 246
251 257
251 264
251 274
251 254
251 263
251 266
252 247
252 261
252 258
252 245
252 276
252 249
252 267
252 277
252 278
252 256
253 261
253 240
253 259
253 273
253 243
253 271
253 244
253 269
253 268
253 241
254 263
254 266
254 250
254 270
254 264
254 262
254 242
254 274
254 246
254 251
255 251
255 265
255 275
255 274
255 250
255 262
255 264
255 257
255 266
255 272
256 248
256 269
256 261
256 258
256 278
256 247
256 267
256 277
256 245
256 249
257 246
257 275
257 262
257 265
257 250
257 255
257 274
257 266
257 272
257 264
258 245
258 268
258 260
258 261
258 243
258 279
258 277
258 269
258 249
258 247
259 268
259 273
259 279
259 247
259 261
259 271
259 244
259 240
259 243
259 253
260 247
260 258
260 261
260 268
260 269
260 277
260 279
260 243
260 241
260 249
261 273
261 268
261 249
261 260
261 243
261 247
261 279
261 277
261 269
261 258
262 255
262 266
262 265
262 264
262 257
262 250
262 275
262 246
262 242
262 272
263 262
263 255
263 246
263 272
263 257
263 264
263 274
263 266
263 254
263 251
264 251
264 254
264 242
264 246
264 274
264 272
264 250
264 262
264 257
264 266
265 255
265 257
265 264
265 266
265 246
265 272
265 242
265 275
265 250
265 262
266 275
266 246
266 251
266 274
266 250
266 262
266 255
266 257
266 272
266 264
267 261
267 252
267 279
267 260
267 258
267 278
267 277
267 249
267 256
267 245
268 244
268 273
268 271
268 279
268 243
268 261
268 260
268 247
268 241
268 269
269 249
269 268
269 273
269 261
269 241
269 277
269 258
269 243
269 279
269 247
270 257
270 266
270 265
270 264
270 254
270 250
270 275
270 246
270 242
270 262
271 261
271 259
271 273
271 253
271 269
271 268
271 240
271 241
271 244
271 243
272 246
272 274
272 275
272 262
272 265
272 250
272 255
272 264
272 266
272 257
273 279
273 259
273 261
273 253
273 241
273 271
273 243
273 247
273 268
273 269
274 262
274 266
274 264
274 263
274 272
274 257
274 255
274 254
274 251
274 246
275 255
275 266
275 257
275 272
275 246
275 250
275 242
275 265
275 264
275 262
276 258
276 247
276 245
276 256
276 248
276 249
276 278
276 252
276 277
276 267
277 247
277 267
277 261
277 260
277 269
277 258
277 256
277 279
277 245
277 249
278 260
278 261
278 258
278 277
278 245
278 252
278 256
278 267
278 249
278 276
279 249
279 247
279 258
279 260
279 261
279 243
279 241
279 277
279 269
279 268
280 303
280 311
280 289
280 284
280 316
280 291
280 301
280 281
280 292
280 313
281 312
281 285
281 302
281 290
281 317
281 318
281 283
281 298
281 292
281 309
282 298
282 317
282 318
282 302
282 312
282 299
282 290
282 316
282 285
282 284
283 311
283 288
283 303
283 315
283 309
283 317
283 318
283 297
283 298
283 281
284 309
284 302
284 290
284 312
284 282
284 292
284 316
284 298
284 285
284 299
285 318
285 317
285 309
285 316
285 281
285 292
285 312
285 298
285 302
285 290
286 297
286 285
286 312
286 290
286 302
286 317
286 296
286 316
286 282
286 299
287 297
287 298
287 282
287 284
287 286
287 296
287 299
287 305
287 316
287 318
288 302
288 317
288 303
288 291
288 297
288 283
288 315
288 311
288 281
288 309
289 303
289 311
289 284
289 316
289 291
289 301
289 281
289 280
289 292
289 313
290 318
290 317
290 309
290 316
290 281
290 292
290 312
290 298
290 302
290 285
291 297
291 281
291 303
291 304
291 309
291 288
291 315
291 311
291 293
291 283
292 317
292 285
292 290
292 302
292 312
292 281
292 298
292 316
292 318
292 309
293 309
293 281
293 297
293 303
293 304
293 288
293 291
293 283
293 311
293 315
294 96
294 109
294 100
294 99
294 98
294 307
294 295
294 300
294 319
294 308
295 110
295 96
295 119
295 294
295 300
295 307
295 308
295 319
295 86
295 98
296 297
296 285
296 312
296 290
296 302
296 317
296 316
296 286
296 282
296 299
297 290
297 298
297 312
297 281
297 302
297 315
297 309
297 317
297 318
297 283
298 312
298 285
298 302
298 281
298 317
298 290
298 316
298 292
298 318
298 309
299 298
299 317
299 318
299 302
299 312
299 290
299 316
299 285
299 284
299 282
300 110
300 96
300 119
300 294
300 295
300 307
300 308
300 319
300 86
300 98
301 303
301 311
301 289
301 284
301 316
301 291
301 281
301 280
301 292
301 313
302 318
302 317
302 309
302 316
302 281
302 292
302 312
302 298
302 285
302 290
303 302
303 317
303 288
303 291
303 297
303 283
303 315
303 311
303 281
303 309
304 309
304 281
304 297
304 303
304 288
304 291
304 283
304 311
304 315
304 293
305 297
305 298
305 282
305 284
305 286
305 287
305 296
305 299
305 316
305 318
306 295
306 187
306 189
306 181
306 176
306 307
306 192
306 300
306 167
306 178
307 83
307 110
307 114
307 90
307 295
307 319
307 308
307 294
307 86
307 300
308 109
308 119
308 100
308 96
308 98
308 294
308 295
308 300
308 307
308 319
309 312
309 285
309 290
309 297
309 292
309 298
309 318
309 317
309 283
309 281
310 317
310 315
310 311
310 288
310 303
310 291
310 283
310 297
310 293
310 304
311 302
311 317
311 303
311 288
311 291
311 297
311 283
311 315
311 281
311 309
312 318
312 317
312 309
312 316
312 281
312 292
312 298
312 302
312 285
312 290
313 303
313 311
313 289
313 284
313 316
313 291
313 301
313 281
313 280
313 292
314 302
314 285
314 290
314 288
314 303
314 311
314 315
314 299
314 284
314 282
315 281
315 298
315 309
315 318
315 288
315 303
315 297
315 317
315 311
315 283
316 317
316 318
316 309
316 285
316 302
316 284
316 298
316 292
316 290
316 312
317 312
317 290
317 302
317 283
317 281
317 309
317 285
317 297
317 298
317 318
318 312
318 302
318 298
318 283
318 316
318 292
318 281
318 297
318 317
318 309
319 96
319 109
319 100
319 99
319 98
319 295
319 307
319 300
319 308
319 294
320 341
320 330
320 337
320 356
320 335
320 325
320 322
320 334
320 354
320 327
321 343
321 336
321 325
321 334
321 333
321 323
321 342
321 331
321 340
321 359
322 355
322 334
322 327
322 341
322 324
322 337
322 354
322 335
322 330
322 320
323 349
323 342
323 358
323 357
323 340
323 333
323 329
323 359
323 321
323 331
324 350
324 327
324 341
324 352
324 351
324 354
324 339
324 322
324 337
324 330
325 342
325 327
325 331
325 356
325 333
325 334
325 335
325 340
325 320
325 354
326 324
326 334
326 354
326 333
326 337
326 357
326 327
326 339
326 350
326 358
327 357
327 339
327 350
327 322
327 337
327 334
327 325
327 354
327 320
327 333
328 321
328 336
328 343
328 325
328 340
328 356
328 342
328 344
328 346
328 347
329 321
329 339
329 331
329 326
329 333
329 358
329 323
329 349
329 350
329 357
330 355
330 341
330 335
330 320
330 354
330 352
330 351
330 337
330 324
330 322
331 343
331 327
331 334
331 359
331 325
331 323
331 340
331 321
331 333
331 342
332 353
332 351
332 335
332 322
332 352
332 355
332 341
332 330
332 324
332 345
333 325
333 359
333 321
333 326
333 350
333 327
333 331
333 357
333 334
333 358
334 350
334 341
334 335
334 333
334 322
334 337
334 327
334 354
334 320
334 325
335 325
335 344
335 330
335 341
335 334
335 354
335 355
335 320
335 356
335 322
336 335
336 320
336 354
336 321
336 325
336 344
336 331
336 334
336 343
336 346
337 335
337 320
337 350
337 334
337 324
337 327
337 339
337 330
337 322
337 354
338 328
338 329
338 331
338 349
338 348
338 323
338 359
338 321
338 342
338 340
339 334
339 354
339 333
339 327
339 324
339 337
339 350
339 326
339 357
339 358
340 354
340 327
340 320
340 334
340 321
340 359
340 333
340 331
340 325
340 342
341 356
341 337
341 332
341 334
341 322
341 354
341 355
341 320
341 335
341 330
342 333
342 334
342 344
342 328
342 325
342 359
342 321
342 331
342 347
342 340
343 335
343 320
343 354
343 321
343 325
343 344
343 331
343 334
343 346
343 336
344 341
344 346
344 325
344 347
344 334
344 343
344 335
344 336
344 356
344 328
345 320
345 354
345 335
345 330
345 352
345 353
345 351
345 355
345 332
345 341
346 355
346 320
346 325
346 335
346 328
346 336
346 343
346 344
346 347
346 356
347 321
347 336
347 343
347 325
347 340
347 356
347 342
347 344
347 346
347 328
348 333
348 331
348 329
348 338
348 359
348 342
348 323
348 321
348 349
348 340
349 340
349 358
349 321
349 333
349 359
349 357
349 331
349 323
349 348
349 329
350 324
350 337
350 354
350 334
350 327
350 333
350 326
350 357
350 358
350 339
351 354
351 341
351 335
351 337
351 324
351 355
351 322
351 332
351 352
351 330
352 354
352 341
352 335
352 337
352 324
352 355
352 322
352 332
352 330
352 351
353 358
353 354
353 330
353 324
353 337
353 355
353 341
353 343
353 332
353 336
354 333
354 330
354 341
354 325
354 337
354 327
354 322
354 334
354 335
354 320
355 356
355 351
355 320
355 352
355 354
355 330
355 322
355 332
355 335
355 341
356 334
356 341
356 354
356 325
356 335
356 322
356 346
356 355
356 320
356 344
357 354
357 337
357 326
357 327
357 333
357 334
357 358
357 339
357 350
357 329
358 354
358 334
358 329
358 326
358 327
358 333
358 339
358 350
358 357
358 337
359 326
359 334
359 327
359 325
359 331
359 323
359 333
359 340
359 321
359 342
360 381
360 376
360 399
360 382
360 393
360 375
360 389
360 371
360 361
360 383
361 381
361 376
361 399
361 382
361 393
361 375
361 389
361 371
361 360
361 383
362 378
362 364
362 365
362 377
362 394
362 387
362 386
362 397
362 369
362 390
363 395
363 384
363 391
363 392
363 366
363 364
363 396
363 367
363 398
363 385
364 394
364 392
364 384
364 391
364 377
364 378
364 387
364 386
364 397
364 369
365 378
365 364
365 362
365 377
365 394
365 387
365 386
365 397
365 369
365 390
366 398
366 370
366 367
366 392
366 363
366 374
366 396
366 368
366 391
366 385
367 364
367 363
367 391
367 392
367 378
367 396
367 373
367 395
367 398
367 384
368 391
368 396
368 392
368 373
368 385
368 363
368 366
368 367
368 374
368 370
369 377
369 390
369 395
369 384
369 364
369 394
369 378
369 387
369 397
369 386
370 373
370 385
370 391
370 392
370 363
370 366
370 367
370 396
370 374
370 368
371 381
371 382
371 360
371 376
371 393
371 375
371 389
371 361
371 383
371 399
372 393
372 383
372 389
372 382
372 379
372 381
372 388
372 361
372 360
372 375
373 363
373 396
373 369
373 392
373 378
373 391
373 384
373 395
373 367
373 398
374 373
374 385
374 391
374 392
374 363
374 366
374 367
374 396
374 368
374 370
375 376
375 381
375 371
375 399
375 393
375 382
375 389
375 361
375 360
375 383
376 381
376 382
376 375
376 360
376 393
376 383
376 389
376 361
376 399
376 371
377 384
377 392
377 391
377 369
377 397
377 394
377 378
377 386
377 387
377 364
378 387
378 391
378 364
378 397
378 369
378 386
378 395
378 367
378 398
378 384
379 383
379 393
379 388
379 361
379 360
379 389
379 372
379 381
379 382
379 375
380 382
380 375
380 360
380 383
380 393
380 389
380 361
380 399
380 371
380 376
381 399
381 379
381 382
381 393
381 375
381 372
381 389
381 361
381 360
381 383
382 379
382 399
382 381
382 393
382 375
382 389
382 371
382 361
382 360
382 383
383 381
383 376
383 360
383 382
383 361
383 375
383 371
383 399
383 393
383 389
384 386
384 369
384 364
384 373
384 392
384 391
384 395
384 378
384 367
384 398
385 398
385 367
385 391
385 392
385 396
385 363
385 370
385 374
385 368
385 366
386 365
386 384
386 390
386 377
386 387
386 394
386 378
386 397
386 369
386 364
387 390
387 365
387 364
387 377
387 394
387 386
387 378
387 397
387 369
387 384
388 393
388 383
388 361
388 389
388 382
388 381
388 372
388 379
388 360
388 375
389 381
389 376
389 371
389 399
389 393
389 375
389 382
389 361
389 360
389 383
390 378
390 364
390 377
390 387
390 369
390 397
390 386
390 362
390 365
390 394
391 366
391 378
391 395
391 364
391 363
391 392
391 396
391 367
391 398
391 384
392 366
392 378
392 395
392 364
392 363
392 391
392 396
392 367
392 398
392 384
393 381
393 382
393 376
393 360
393 361
393 375
393 389
393 371
393 399
393 383
394 362
394 378
394 364
394 369
394 377
394 390
394 387
394 386
394 397
394 365
395 386
395 364
395 392
395 369
395 391
395 373
395 378
395 367
395 398
395 384
396 377
396 395
396 384
396 391
396 364
396 366
396 363
396 367
396 398
396 392
397 384
397 390
397 369
397 378
397 377
397 394
397 387
397 386
397 365
397 364
398 396
398 369
398 364
398 392
398 391
398 373
398 395
398 378
398 367
398 384
399 381
399 376
399 389
399 382
399 360
399 375
399 361
399 383
399 371
399 393
