0 24
0 19
0 1
0 33
0 28
0 21
0 27
0 37
0 3
0 9
1 4
1 9
1 3
1 28
1 27
1 19
1 36
1 23
1 0
1 12
2 11
2 16
2 20
2 12
2 26
2 6
2 39
2 29
2 17
2 32
3 38
3 36
3 19
3 27
3 28
3 37
3 33
3 21
3 9
3 0
4 33
4 10
4 23
4 27
4 7
4 38
4 5
4 3
4 19
4 36
5 8
5 34
5 11
5 30
5 19
5 23
5 4
5 7
5 35
5 10
6 1
6 8
6 30
6 29
6 12
6 2
6 11
6 17
6 34
6 31
7 18
7 19
7 21
7 0
7 13
7 27
7 4
7 35
7 38
7 23
8 17
8 5
8 4
8 35
8 10
8 34
8 22
8 30
8 11
8 31
9 23
9 15
9 19
9 21
9 27
9 28
9 33
9 3
9 37
9 0
10 31
10 22
10 23
10 8
10 11
10 5
10 4
10 34
10 30
10 35
11 4
11 17
11 10
11 6
11 35
11 8
11 31
11 34
11 30
11 22
12 2
12 34
12 4
12 0
12 6
12 17
12 19
12 23
12 1
12 36
13 0
13 21
13 9
13 7
13 27
13 18
13 37
13 3
13 38
13 25
14 6
14 17
14 2
14 22
14 29
14 32
14 39
14 16
14 26
14 20
15 27
15 0
15 18
15 28
15 33
15 24
15 37
15 21
15 3
15 9
16 6
16 22
16 17
16 2
16 29
16 39
16 14
16 32
16 26
16 20
17 39
17 34
17 32
17 8
17 12
17 31
17 11
17 6
17 2
17 29
18 15
18 9
18 0
18 28
18 27
18 33
18 24
18 37
18 3
18 21
19 33
19 27
19 38
19 9
19 23
19 28
19 4
19 3
19 36
19 0
20 6
20 17
20 2
20 22
20 29
20 32
20 39
20 16
20 26
20 14
21 24
21 28
21 27
21 15
21 18
21 33
21 9
21 37
21 3
21 0
22 29
22 2
22 17
22 35
22 10
22 34
22 31
22 30
22 8
22 11
23 28
23 1
23 38
23 27
23 0
23 36
23 9
23 4
23 3
23 19
24 9
24 27
24 33
24 3
24 28
24 37
24 0
24 18
24 21
24 15
25 0
25 13
25 9
25 15
25 18
25 24
25 33
25 3
25 37
25 21
26 22
26 6
26 17
26 2
26 29
26 39
26 32
26 14
26 16
26 20
27 38
27 19
27 36
27 18
27 37
27 9
27 3
27 21
27 28
27 0
28 37
28 18
28 19
28 21
28 33
28 0
28 36
28 27
28 3
28 9
29 12
29 14
29 6
29 17
29 16
29 26
29 32
29 39
29 2
29 20
30 23
30 7
30 4
30 35
30 22
30 10
30 8
30 34
30 31
30 11
31 7
31 10
31 17
31 35
31 8
31 6
31 34
31 30
31 11
31 22
32 6
32 22
32 17
32 2
32 29
32 39
32 14
32 26
32 16
32 20
33 19
33 15
33 9
33 21
33 28
33 36
33 37
33 3
33 38
33 0
34 17
34 10
34 35
34 7
34 22
34 6
34 8
34 31
34 30
34 11
35 23
35 8
35 30
35 4
35 10
35 34
35 5
35 11
35 31
35 7
36 0
36 19
36 23
36 27
36 28
36 33
36 4
36 3
36 1
36 38
37 28
37 24
37 15
37 27
37 0
37 33
37 18
37 3
37 21
37 9
38 37
38 27
38 9
38 23
38 19
38 36
38 21
38 4
38 3
38 33
39 6
39 22
39 17
39 2
39 29
39 14
39 32
39 26
39 16
39 20
40 85
40 111
40 119
40 106
40 101
40 72
40 54
40 51
40 113
40 76
41 66
41 67
41 74
41 63
41 57
41 58
41 46
41 56
41 71
41 48
42 69
42 44
42 49
42 79
42 59
42 60
42 62
42 64
42 78
42 45
43 65
43 74
43 48
43 53
43 57
43 61
43 67
43 70
43 63
43 56
44 69
44 62
44 45
44 49
44 78
44 64
44 60
44 42
44 59
44 79
45 78
45 44
45 64
45 62
45 69
45 60
45 42
45 79
45 49
45 59
46 63
46 70
46 56
46 43
46 48
46 53
46 65
46 61
46 73
46 47
47 67
47 70
47 48
47 56
47 46
47 65
47 53
47 73
47 61
47 43
48 66
48 65
48 61
48 74
48 67
48 70
48 43
48 56
48 57
48 63
49 78
49 42
49 44
49 79
49 59
49 64
49 60
49 69
49 45
49 62
50 56
50 73
50 65
50 61
50 41
50 46
50 47
50 77
50 58
50 75
51 111
51 101
51 98
51 76
51 119
51 72
51 54
51 106
51 40
51 113
52 133
52 147
52 140
52 158
52 163
52 199
52 77
52 145
52 75
52 149
53 48
53 67
53 70
53 56
53 46
53 47
53 43
53 73
53 65
53 61
54 85
54 106
54 101
54 119
54 76
54 72
54 51
54 113
54 40
54 111
55 64
55 77
55 79
55 59
55 68
55 49
55 60
55 62
55 45
55 69
56 65
56 53
56 57
56 70
56 74
56 61
56 48
56 67
56 63
56 43
57 53
57 61
57 56
57 43
57 70
57 48
57 66
57 63
57 74
57 67
58 43
58 41
58 71
58 73
58 46
58 48
58 65
58 63
58 56
58 61
59 69
59 62
59 45
59 49
59 60
59 78
59 42
59 44
59 64
59 79
60 78
60 44
60 42
60 64
60 69
60 59
60 45
60 49
60 79
60 62
61 48
61 67
61 70
61 47
61 43
61 46
61 73
61 53
61 56
61 65
62 42
62 44
62 55
62 64
62 59
62 79
62 69
62 45
62 60
62 49
63 53
63 61
63 66
63 74
63 56
63 70
63 57
63 48
63 43
63 67
64 69
64 62
64 45
64 60
64 49
64 42
64 78
64 79
64 59
64 44
65 67
65 48
65 70
65 56
65 53
65 46
65 61
65 47
65 73
65 43
66 53
66 61
66 48
66 63
66 67
66 70
66 43
66 56
66 74
66 57
67 53
67 61
67 48
67 66
67 70
67 56
67 43
67 57
67 74
67 63
68 145
68 49
68 45
68 52
68 55
68 60
68 69
68 75
68 77
68 62
69 78
69 44
69 79
69 42
69 59
69 64
69 62
69 49
69 45
69 60
70 66
70 61
70 56
70 53
70 48
70 63
70 74
70 57
70 43
70 67
71 46
71 67
71 56
71 63
71 58
71 57
71 41
71 74
71 48
71 66
72 113
72 84
72 98
72 101
72 106
72 93
72 54
72 40
72 51
72 76
73 67
73 70
73 48
73 43
73 46
73 47
73 53
73 56
73 65
73 61
74 53
74 66
74 56
74 48
74 43
74 61
74 70
74 63
74 57
74 67
75 544
75 45
75 55
75 69
75 52
75 60
75 50
75 226
75 68
75 77
76 85
76 111
76 119
76 106
76 101
76 40
76 72
76 54
76 113
76 51
77 133
77 140
77 158
77 199
77 52
77 75
77 145
77 68
77 149
77 50
78 69
78 45
78 60
78 49
78 62
78 42
78 59
78 64
78 79
78 44
79 69
79 62
79 45
79 60
79 49
79 78
79 64
79 42
79 44
79 59
80 94
80 88
80 86
80 82
80 112
80 97
80 109
80 91
80 117
80 104
81 80
81 104
81 88
81 97
81 83
81 105
81 107
81 94
81 115
81 86
82 97
82 88
82 104
82 91
82 112
82 117
82 80
82 109
82 116
82 108
83 80
83 91
83 81
83 104
83 88
83 86
83 94
83 97
83 105
83 107
84 95
84 85
84 110
84 113
84 106
84 101
84 93
84 119
84 98
84 111
85 93
85 98
85 106
85 101
85 89
85 95
85 87
85 111
85 119
85 113
86 105
86 112
86 117
86 80
86 107
86 94
86 88
86 97
86 91
86 104
87 499
87 498
87 106
87 113
87 101
87 119
87 95
87 111
87 85
87 89
88 104
88 107
88 80
88 109
88 94
88 91
88 112
88 86
88 117
88 97
89 509
89 498
89 106
89 101
89 113
89 111
89 95
89 119
89 85
89 87
90 185
90 88
90 97
90 86
90 94
90 105
90 83
90 107
90 81
90 115
91 108
91 112
91 82
91 97
91 104
91 88
91 80
91 117
91 86
91 109
92 91
92 117
92 112
92 116
92 114
92 109
92 108
92 82
92 100
92 96
93 87
93 110
93 101
93 113
93 85
93 119
93 111
93 106
93 84
93 98
94 117
94 80
94 104
94 91
94 97
94 105
94 107
94 83
94 88
94 86
95 509
95 498
95 106
95 101
95 113
95 111
95 89
95 119
95 85
95 87
96 91
96 117
96 112
96 109
96 82
96 108
96 92
96 116
96 100
96 114
97 104
97 107
97 80
97 109
97 94
97 91
97 112
97 86
97 88
97 117
98 110
98 87
98 85
98 101
98 106
98 111
98 113
98 119
98 93
98 84
99 581
99 253
99 195
99 167
99 166
99 160
99 110
99 103
99 118
99 102
100 91
100 112
100 117
100 109
100 82
100 108
100 116
100 96
100 92
100 114
101 93
101 95
101 98
101 89
101 87
101 85
101 106
101 111
101 119
101 113
102 592
102 167
102 581
102 166
102 103
102 160
102 118
102 110
102 195
102 99
103 98
103 160
103 93
103 195
103 84
103 102
103 167
103 99
103 118
103 110
104 97
104 109
104 82
104 88
104 94
104 86
104 91
104 112
104 80
104 117
105 112
105 80
105 91
105 104
105 88
105 83
105 86
105 94
105 97
105 107
106 95
106 84
106 87
106 85
106 93
106 111
106 119
106 113
106 98
106 101
107 117
107 80
107 104
107 91
107 88
107 105
107 94
107 86
107 97
107 83
108 97
108 88
108 91
108 112
108 116
108 117
108 104
108 80
108 109
108 82
109 86
109 104
109 108
109 82
109 80
109 97
109 88
109 91
109 117
109 112
110 168
110 191
110 103
110 93
110 167
110 84
110 98
110 99
110 118
110 102
111 93
111 98
111 89
111 95
111 106
111 87
111 101
111 119
111 85
111 113
112 108
112 86
112 82
112 97
112 91
112 88
112 109
112 80
112 117
112 104
113 93
113 98
113 87
113 85
113 95
113 89
113 106
113 111
113 119
113 101
114 91
114 82
114 92
114 96
114 100
114 108
114 109
114 112
114 117
114 116
115 104
115 88
115 97
115 90
115 94
115 105
115 107
115 86
115 83
115 81
116 104
116 114
116 80
116 82
116 91
116 108
116 109
116 112
116 117
116 96
117 108
117 82
117 86
117 97
117 88
117 104
117 91
117 109
117 80
117 112
118 191
118 195
118 98
118 84
118 167
118 103
118 99
118 110
118 93
118 102
119 93
119 98
119 89
119 95
119 106
119 87
119 101
119 85
119 113
119 111
120 140
120 150
120 158
120 124
120 133
120 134
120 138
120 143
120 147
120 154
121 139
121 123
121 122
121 135
121 151
121 152
121 127
121 156
121 126
121 159
122 129
122 135
122 151
122 152
122 121
122 159
122 123
122 156
122 125
122 126
123 144
123 132
123 136
123 142
123 141
123 126
123 156
123 157
123 127
123 129
124 153
124 134
124 120
124 143
124 137
124 147
124 150
124 133
124 154
124 138
125 142
125 130
125 132
125 136
125 159
125 122
125 123
125 156
125 126
125 129
126 144
126 132
126 136
126 142
126 123
126 141
126 156
126 157
126 127
126 129
127 139
127 144
127 136
127 132
127 142
127 123
127 126
127 156
127 157
127 131
128 127
128 148
128 122
128 155
128 139
128 151
128 152
128 121
128 159
128 135
129 130
129 141
129 156
129 123
129 132
129 136
129 126
129 157
129 142
129 125
130 124
130 150
130 154
130 144
130 129
130 153
130 136
130 132
130 146
130 125
131 153
131 141
131 126
131 123
131 144
131 142
131 132
131 136
131 157
131 127
132 153
132 141
132 131
132 127
132 142
132 126
132 144
132 156
132 136
132 123
133 134
133 150
133 158
133 120
133 124
133 138
133 140
133 143
133 147
133 154
134 143
134 133
134 130
134 153
134 154
134 124
134 147
134 150
134 120
134 138
135 157
135 123
135 126
135 156
135 151
135 121
135 127
135 139
135 159
135 152
136 153
136 141
136 126
136 123
136 146
136 144
136 132
136 129
136 130
136 142
137 144
137 132
137 142
137 157
137 129
137 136
137 141
137 154
137 124
137 150
138 143
138 154
138 158
138 120
138 124
138 133
138 134
138 140
138 147
138 150
139 131
139 159
139 142
139 156
139 123
139 126
139 127
139 141
139 157
139 135
140 154
140 158
140 120
140 124
140 133
140 134
140 138
140 143
140 147
140 150
141 131
141 129
141 137
141 132
141 136
141 144
141 142
141 157
141 126
141 123
142 131
142 144
142 132
142 127
142 141
142 136
142 129
142 126
142 157
142 123
143 134
143 150
143 158
143 120
143 124
143 133
143 138
143 140
143 147
143 154
144 153
144 146
144 131
144 156
144 123
144 142
144 141
144 132
144 126
144 136
145 124
145 134
145 120
145 158
145 143
145 140
145 133
145 147
145 149
145 138
146 150
146 125
146 131
146 136
146 132
146 130
146 129
146 144
146 156
146 153
147 150
147 158
147 120
147 124
147 133
147 134
147 138
147 140
147 143
147 154
148 156
148 139
148 122
148 159
148 121
148 135
148 152
148 151
148 155
148 128
149 124
149 140
149 158
149 120
149 143
149 134
149 145
149 133
149 147
149 138
150 147
150 136
150 130
150 143
150 138
150 137
150 134
150 153
150 154
150 124
151 125
151 127
151 139
151 156
151 155
151 135
151 122
151 121
151 159
151 152
152 123
152 127
152 126
152 139
152 151
152 122
152 156
152 135
152 159
152 121
153 129
153 131
153 136
153 132
153 130
153 142
153 150
153 144
153 146
153 154
154 147
154 130
154 143
154 120
154 124
154 137
154 134
154 150
154 153
154 138
155 156
155 139
155 148
155 152
155 128
155 135
155 151
155 121
155 159
155 122
156 144
156 159
156 129
156 132
156 136
156 142
156 125
156 126
156 127
156 123
157 144
157 139
157 142
157 141
157 136
157 131
157 123
157 126
157 127
157 129
158 154
158 124
158 134
158 120
158 133
158 149
158 138
158 140
158 143
158 147
159 127
159 151
159 123
159 126
159 125
159 156
159 135
159 121
159 152
159 122
160 110
160 191
160 168
160 99
160 118
160 103
160 102
160 195
160 167
160 166
161 194
161 176
161 178
161 190
161 180
161 197
161 163
161 196
161 186
161 199
162 183
162 169
162 179
162 188
162 173
162 170
162 182
162 164
162 184
162 187
163 190
163 181
163 196
163 197
163 194
163 178
163 180
163 161
163 186
163 199
164 193
164 183
164 179
164 162
164 170
164 182
164 169
164 184
164 188
164 187
165 101
165 84
165 106
165 98
165 168
165 191
165 198
165 93
165 189
165 167
166 118
166 253
166 210
166 103
166 102
166 219
166 99
166 160
166 195
166 172
167 103
167 118
167 110
167 160
167 198
167 165
167 189
167 191
167 195
167 168
168 195
168 84
168 98
168 110
168 93
168 165
168 167
168 189
168 191
168 198
169 194
169 182
169 181
169 175
169 193
169 179
169 192
169 187
169 183
169 188
170 183
170 169
170 188
170 179
170 187
170 164
170 162
170 173
170 182
170 184
171 13
171 185
171 9
171 174
171 184
171 173
171 37
171 25
171 15
171 0
172 582
172 102
172 185
172 99
172 253
172 171
172 195
172 166
172 160
172 174
173 183
173 179
173 169
173 188
173 187
173 182
173 170
173 184
173 164
173 162
174 4
174 1
174 184
174 185
174 19
174 5
174 171
174 35
174 23
174 12
175 187
175 169
175 178
175 194
175 193
175 183
175 179
175 177
175 192
175 181
176 199
176 161
176 186
176 180
176 190
176 178
176 177
176 194
176 196
176 197
177 186
177 180
177 192
177 179
177 175
177 183
177 193
177 181
177 194
177 178
178 186
178 179
178 180
178 183
178 175
178 193
178 192
178 181
178 194
178 177
179 178
179 194
179 181
179 175
179 192
179 187
179 188
179 193
179 169
179 183
180 161
180 181
180 196
180 186
180 178
180 177
180 176
180 190
180 197
180 194
181 187
181 169
181 179
181 194
181 193
181 192
181 183
181 177
181 175
181 178
182 193
182 164
182 169
182 170
182 162
182 183
182 184
182 187
182 188
182 179
183 178
183 194
183 181
183 175
183 192
183 187
183 179
183 188
183 193
183 169
184 183
184 179
184 169
184 187
184 188
184 162
184 170
184 173
184 182
184 164
185 3
185 13
185 37
185 0
185 184
185 174
185 9
185 25
185 171
185 15
186 199
186 161
186 177
186 194
186 178
186 196
186 176
186 197
186 190
186 180
187 164
187 182
187 181
187 175
187 179
187 193
187 192
187 169
187 183
187 188
188 164
188 181
188 175
188 169
188 193
188 192
188 179
188 182
188 183
188 187
189 101
189 106
189 84
189 98
189 93
189 167
189 191
189 168
189 165
189 198
190 194
190 178
190 177
190 199
190 180
190 161
190 186
190 196
190 197
190 176
191 195
191 84
191 98
191 110
191 93
191 165
191 189
191 198
191 168
191 167
192 178
192 194
192 187
192 188
192 169
192 183
192 193
192 181
192 179
192 175
193 178
193 194
193 187
193 188
193 169
193 183
193 181
193 179
193 192
193 175
194 186
194 179
194 180
194 183
194 175
194 193
194 192
194 181
194 178
194 177
195 110
195 99
195 102
195 191
195 103
195 166
195 167
195 168
195 118
195 160
196 194
196 178
196 177
196 190
196 186
196 176
196 180
196 197
196 199
196 161
197 181
197 186
197 196
197 180
197 190
197 178
197 177
197 176
197 161
197 194
198 106
198 110
198 84
198 98
198 93
198 165
198 167
198 168
198 189
198 191
199 194
199 197
199 178
199 190
199 176
199 180
199 163
199 196
199 161
199 186
200 237
200 172
200 214
200 210
200 209
200 222
200 227
200 230
200 236
200 216
201 145
201 199
201 226
201 224
201 207
201 213
201 234
201 220
201 203
201 206
202 217
202 221
202 225
202 211
202 218
202 215
202 208
202 212
202 235
202 232
203 539
203 217
203 538
203 206
203 201
203 207
203 213
203 220
203 234
203 224
204 84
204 110
204 228
204 238
204 223
204 233
204 229
204 205
204 239
204 231
205 84
205 110
205 238
205 223
205 228
205 239
205 229
205 231
205 204
205 233
206 145
206 199
206 213
206 207
206 201
206 220
206 224
206 226
206 234
206 203
207 539
207 538
207 220
207 217
207 224
207 213
207 206
207 203
207 201
207 234
208 217
208 221
208 225
208 211
208 235
208 212
208 232
208 218
208 202
208 215
209 171
209 226
209 222
209 230
209 236
209 200
209 227
209 173
209 216
209 214
210 200
210 195
210 160
210 227
210 230
210 166
210 222
210 237
210 172
210 219
211 235
211 232
211 217
211 215
211 212
211 208
211 218
211 225
211 202
211 221
212 217
212 221
212 225
212 211
212 218
212 202
212 235
212 232
212 215
212 208
213 538
213 221
213 220
213 224
213 234
213 207
213 206
213 203
213 201
213 217
214 185
214 171
214 173
214 227
214 216
214 200
214 230
214 222
214 209
214 236
215 217
215 221
215 225
215 235
215 208
215 218
215 212
215 202
215 232
215 211
216 572
216 172
216 210
216 209
216 214
216 200
216 230
216 236
216 227
216 222
217 538
217 234
217 220
217 203
217 207
217 221
217 213
217 225
217 224
217 211
218 217
218 221
218 235
218 202
218 215
218 232
218 225
218 212
218 211
218 208
219 102
219 172
219 195
219 204
219 205
219 210
219 166
219 160
219 237
219 230
220 145
220 199
220 226
220 203
220 201
220 207
220 213
220 234
220 224
220 206
221 218
221 224
221 215
221 220
221 217
221 203
221 213
221 225
221 211
221 207
222 209
222 172
222 237
222 210
222 216
222 214
222 236
222 230
222 227
222 200
223 516
223 494
223 205
223 233
223 239
223 229
223 238
223 228
223 204
223 231
224 199
224 213
224 226
224 145
224 207
224 220
224 203
224 234
224 206
224 201
225 202
225 208
225 207
225 212
225 213
225 215
225 217
225 218
225 211
225 221
226 544
226 526
226 523
226 224
226 161
226 199
226 220
226 201
226 163
226 206
227 237
227 172
227 210
227 209
227 200
227 214
227 216
227 230
227 222
227 236
228 494
228 516
228 205
228 204
228 239
228 231
228 223
228 233
228 238
228 229
229 516
229 494
229 204
229 205
229 231
229 239
229 233
229 238
229 228
229 223
230 172
230 214
230 219
230 227
230 222
230 236
230 216
230 210
230 200
230 237
231 494
231 228
231 205
231 516
231 238
231 204
231 223
231 233
231 229
231 239
232 217
232 202
232 218
232 211
232 235
232 212
232 221
232 215
232 225
232 208
233 516
233 494
233 205
233 204
233 239
233 238
233 231
233 229
233 223
233 228
234 682
234 538
234 226
234 213
234 207
234 206
234 224
234 203
234 220
234 201
235 217
235 221
235 225
235 218
235 211
235 215
235 208
235 212
235 232
235 202
236 570
236 210
236 172
236 209
236 230
236 227
236 222
236 216
236 214
236 200
237 222
237 204
237 172
237 195
237 205
237 210
237 230
237 166
237 219
237 160
238 516
238 494
238 205
238 204
238 231
238 223
238 229
238 228
238 239
238 233
239 516
239 494
239 205
239 233
239 229
239 238
239 228
239 223
239 204
239 231
240 263
240 260
240 248
240 250
240 258
240 270
240 243
240 268
240 266
240 267
241 245
241 259
241 262
241 269
241 246
241 279
241 273
241 276
241 277
241 254
242 268
242 240
242 243
242 267
242 248
242 249
242 247
242 270
242 251
242 272
243 258
243 267
243 248
243 250
243 270
243 268
243 265
243 263
243 240
243 260
244 257
244 241
244 255
244 279
244 261
244 252
244 269
244 275
244 276
244 259
245 258
245 277
245 250
245 254
245 266
245 260
245 262
245 263
245 265
245 278
246 279
246 278
246 254
246 265
246 266
246 245
246 273
246 241
246 277
246 262
247 268
247 243
247 240
247 267
247 270
247 248
247 272
247 242
247 251
247 249
248 258
248 265
248 267
248 250
248 270
248 243
248 268
248 263
248 240
248 260
249 268
249 242
249 243
249 240
249 248
249 247
249 251
249 272
249 270
249 267
250 278
250 240
250 266
250 248
250 258
250 268
250 263
250 243
250 265
250 260
251 268
251 248
251 267
251 243
251 240
251 247
251 242
251 249
251 270
251 272
252 241
252 257
252 255
252 279
252 261
252 269
252 275
252 244
252 276
252 259
253 256
253 118
253 103
253 172
253 271
253 102
253 166
253 99
253 160
253 195
254 262
254 268
254 250
254 263
254 260
254 265
254 258
254 245
254 266
254 278
255 279
255 276
255 269
255 259
255 261
255 257
255 244
255 252
255 275
255 256
256 279
256 276
256 259
256 269
256 261
256 252
256 244
256 275
256 255
256 257
257 279
257 276
257 269
257 259
257 261
257 244
257 255
257 252
257 275
257 256
258 243
258 248
258 240
258 278
258 260
258 268
258 250
258 263
258 265
258 266
259 273
259 246
259 241
259 279
259 261
259 252
259 269
259 275
259 244
259 276
260 278
260 240
260 266
260 248
260 258
260 268
260 250
260 263
260 243
260 265
261 273
261 246
261 241
261 279
261 252
261 269
261 275
261 244
261 276
261 259
262 260
262 265
262 266
262 258
262 263
262 250
262 254
262 277
262 278
262 245
263 240
263 278
263 248
263 243
263 266
263 258
263 250
263 268
263 265
263 260
264 138
264 120
264 147
264 133
264 143
264 140
264 149
264 145
264 274
264 158
265 240
265 278
265 248
265 243
265 266
265 258
265 250
265 268
265 263
265 260
266 243
266 248
266 240
266 260
266 263
266 268
266 250
266 265
266 278
266 258
267 263
267 260
267 248
267 249
267 250
267 258
267 243
267 270
267 268
267 240
268 267
268 266
268 265
268 263
268 260
268 250
268 248
268 243
268 240
268 258
269 273
269 246
269 241
269 275
269 252
269 279
269 261
269 244
269 276
269 259
270 268
270 242
270 247
270 267
270 240
270 243
270 248
270 249
270 251
270 272
271 269
271 259
271 261
271 252
271 244
271 275
271 253
271 257
271 255
271 256
272 268
272 267
272 247
272 240
272 242
272 243
272 248
272 270
272 249
272 251
273 258
273 265
273 266
273 254
273 278
273 246
273 245
273 241
273 277
273 262
274 138
274 120
274 264
274 133
274 140
274 143
274 145
274 147
274 149
274 158
275 241
275 257
275 255
275 279
275 261
275 252
275 269
275 244
275 276
275 259
276 273
276 246
276 244
276 275
276 241
276 252
276 279
276 261
276 269
276 259
277 260
277 250
277 263
277 258
277 265
277 266
277 254
277 245
277 262
277 278
278 240
278 254
278 268
278 260
278 250
278 245
278 265
278 263
278 258
278 266
279 273
279 246
279 244
279 275
279 241
279 252
279 261
279 259
279 269
279 276
280 293
280 292
280 313
280 300
280 305
280 290
280 289
280 309
280 306
280 319
281 291
281 314
281 310
281 288
281 285
281 294
281 316
281 301
281 311
281 299
282 293
282 283
282 318
282 304
282 303
282 312
282 297
282 296
282 315
282 307
283 319
283 305
283 306
283 293
283 296
283 297
283 318
283 313
283 309
283 303
284 297
284 304
284 307
284 318
284 282
284 317
284 315
284 308
284 298
284 312
285 302
285 291
285 299
285 301
285 311
285 314
285 294
285 288
285 281
285 316
286 313
286 306
286 309
286 305
286 280
286 290
286 289
286 295
286 300
286 292
287 305
287 309
287 306
287 280
287 295
287 290
287 289
287 300
287 286
287 292
288 299
288 301
288 311
288 281
288 316
288 285
288 302
288 291
288 294
288 314
289 286
289 292
289 313
289 319
289 305
289 290
289 309
289 306
289 280
289 300
290 319
290 286
290 313
290 280
290 305
290 300
290 289
290 309
290 306
290 292
291 282
291 315
291 312
291 294
291 302
291 284
291 308
291 317
291 288
291 298
292 313
292 305
292 309
292 295
292 306
292 280
292 289
292 290
292 300
292 286
293 306
293 280
293 309
293 297
293 303
293 319
293 296
293 313
293 305
293 283
294 299
294 301
294 311
294 281
294 316
294 285
294 302
294 288
294 291
294 314
295 305
295 309
295 306
295 280
295 290
295 289
295 300
295 287
295 286
295 292
296 305
296 304
296 293
296 283
296 319
296 297
296 318
296 313
296 309
296 303
297 313
297 282
297 318
297 315
297 307
297 304
297 303
297 296
297 293
297 283
298 297
298 304
298 307
298 318
298 282
298 317
298 315
298 308
298 284
298 312
299 291
299 310
299 294
299 288
299 314
299 285
299 281
299 316
299 301
299 311
300 295
300 313
300 306
300 309
300 305
300 280
300 290
300 289
300 286
300 292
301 291
301 310
301 294
301 288
301 314
301 281
301 285
301 316
301 311
301 299
302 307
302 282
302 315
302 304
302 312
302 298
302 317
302 291
302 284
302 308
303 306
303 313
303 307
303 282
303 304
303 283
303 293
303 318
303 296
303 297
304 293
304 283
304 303
304 296
304 312
304 315
304 318
304 297
304 282
304 307
305 292
305 313
305 293
305 300
305 290
305 289
305 309
305 306
305 280
305 319
306 293
306 292
306 313
306 300
306 305
306 290
306 289
306 309
306 280
306 319
307 283
307 293
307 303
307 296
307 297
307 315
307 318
307 312
307 282
307 304
308 297
308 304
308 307
308 318
308 282
308 317
308 315
308 298
308 284
308 312
309 292
309 313
309 293
309 300
309 305
309 290
309 289
309 306
309 280
309 319
310 291
310 294
310 288
310 301
310 285
310 316
310 281
310 314
310 311
310 299
311 291
311 310
311 294
311 288
311 314
311 285
311 281
311 316
311 301
311 299
312 284
312 317
312 308
312 315
312 304
312 318
312 298
312 297
312 282
312 307
313 300
313 283
313 293
313 319
313 280
313 290
313 289
313 309
313 305
313 306
314 302
314 299
314 301
314 311
314 294
314 316
314 288
314 291
314 281
314 285
315 283
315 296
315 303
315 307
315 304
315 282
315 298
315 297
315 318
315 312
316 302
316 291
316 299
316 301
316 311
316 314
316 294
316 288
316 281
316 285
317 297
317 304
317 307
317 318
317 282
317 315
317 308
317 298
317 284
317 312
318 312
318 293
318 296
318 283
318 307
318 315
318 304
318 297
318 303
318 282
319 290
319 300
319 296
319 293
319 313
319 289
319 305
319 309
319 306
319 280
320 174
320 351
320 332
320 331
320 342
320 352
320 353
320 357
320 324
320 358
321 356
321 359
321 329
321 337
321 344
321 328
321 336
321 347
321 346
321 326
322 333
322 350
322 340
322 348
322 323
322 339
322 354
322 338
322 334
322 330
323 335
323 341
323 355
323 340
323 339
323 334
323 327
323 348
323 350
323 333
324 174
324 351
324 332
324 331
324 342
324 352
324 353
324 357
324 358
324 320
325 355
325 346
325 341
325 336
325 335
325 337
325 329
325 345
325 349
325 359
326 341
326 359
326 336
326 329
326 347
326 346
326 328
326 321
326 337
326 344
327 335
327 341
327 355
327 333
327 340
327 334
327 348
327 323
327 350
327 339
328 341
328 359
328 346
328 329
328 337
328 336
328 344
328 321
328 347
328 326
329 321
329 345
329 341
329 326
329 347
329 346
329 344
329 359
329 337
329 336
330 333
330 350
330 323
330 340
330 348
330 339
330 334
330 354
330 338
330 322
331 174
331 351
331 332
331 342
331 352
331 353
331 357
331 324
331 358
331 320
332 174
332 351
332 324
332 342
332 352
332 353
332 357
332 320
332 358
332 331
333 335
333 341
333 355
333 340
333 339
333 334
333 327
333 348
333 323
333 350
334 335
334 341
334 355
334 340
334 339
334 327
334 348
334 323
334 350
334 333
335 333
335 336
335 359
335 355
335 341
335 345
335 349
335 329
335 337
335 325
336 326
336 347
336 344
336 321
336 345
336 346
336 337
336 356
336 359
336 329
337 341
337 345
337 321
337 326
337 347
337 346
337 344
337 359
337 336
337 329
338 333
338 350
338 323
338 334
338 339
338 354
338 340
338 348
338 330
338 322
339 335
339 341
339 355
339 340
339 334
339 327
339 348
339 323
339 350
339 333
340 335
340 341
340 355
340 339
340 334
340 327
340 348
340 323
340 350
340 333
341 327
341 346
341 335
341 326
341 347
341 325
341 337
341 329
341 355
341 344
342 174
342 351
342 332
342 331
342 352
342 353
342 357
342 324
342 358
342 320
343 341
343 329
343 337
343 336
343 345
343 325
343 349
343 356
343 335
343 359
344 359
344 341
344 336
344 321
344 347
344 346
344 337
344 326
344 328
344 329
345 344
345 346
345 335
345 337
345 356
345 329
345 336
345 349
345 325
345 359
346 356
346 328
346 347
346 321
346 337
346 336
346 326
346 344
346 359
346 329
347 341
347 359
347 336
347 329
347 346
347 328
347 321
347 337
347 326
347 344
348 335
348 341
348 355
348 340
348 339
348 334
348 327
348 323
348 350
348 333
349 343
349 346
349 345
349 325
349 336
349 329
349 359
349 356
349 335
349 337
350 335
350 341
350 355
350 340
350 339
350 334
350 327
350 348
350 323
350 333
351 332
351 343
351 358
351 357
351 352
351 324
351 331
351 320
351 353
351 342
352 174
352 351
352 332
352 331
352 342
352 353
352 357
352 324
352 358
352 320
353 174
353 351
353 332
353 331
353 342
353 352
353 357
353 324
353 358
353 320
354 322
354 333
354 323
354 350
354 348
354 340
354 339
354 330
354 327
354 334
355 348
355 323
355 333
355 350
355 340
355 327
355 341
355 344
355 329
355 337
356 347
356 325
356 321
356 329
356 337
356 346
356 349
356 359
356 336
356 345
357 174
357 351
357 332
357 331
357 342
357 352
357 353
357 324
357 358
357 320
358 174
358 351
358 353
358 342
358 324
358 320
358 332
358 357
358 331
358 352
359 347
359 344
359 325
359 321
359 356
359 329
359 345
359 346
359 337
359 336
360 396
360 376
360 363
360 372
360 398
360 373
360 377
360 383
360 397
360 386
361 389
361 395
361 365
361 392
361 393
361 362
361 385
361 378
361 381
361 382
362 397
362 383
362 377
362 388
362 382
362 393
362 395
362 365
362 392
362 369
363 397
363 365
363 395
363 377
363 369
363 362
363 392
363 360
363 383
363 386
364 385
364 393
364 370
364 391
364 389
364 378
364 368
364 390
364 394
364 380
365 361
365 377
365 369
365 392
365 393
365 388
365 395
365 382
365 397
365 362
366 363
366 383
366 398
366 396
366 372
366 360
366 384
366 387
366 373
366 386
367 397
367 389
367 376
367 396
367 368
367 379
367 372
367 370
367 398
367 399
368 399
368 389
368 380
368 379
368 394
368 378
368 376
368 364
368 370
368 367
369 383
369 382
369 388
369 397
369 377
369 393
369 395
369 365
369 392
369 362
370 397
370 398
370 372
370 389
370 380
370 379
370 376
370 368
370 367
370 399
371 71
371 570
371 582
371 568
371 374
371 572
371 185
371 174
371 171
371 375
372 399
372 367
372 379
372 360
372 377
372 376
372 396
372 397
372 398
372 373
373 377
373 386
373 396
373 383
373 372
373 366
373 384
373 387
373 398
373 360
374 71
374 570
374 582
374 568
374 572
374 371
374 185
374 174
374 171
374 375
375 71
375 570
375 582
375 568
375 374
375 572
375 371
375 185
375 174
375 171
376 382
376 372
376 389
376 388
376 379
376 367
376 383
376 397
376 398
376 377
377 393
377 362
377 398
377 392
377 372
377 360
377 376
377 388
377 397
377 383
378 381
378 388
378 361
378 368
378 389
378 394
378 364
378 382
378 380
378 385
379 397
379 398
379 372
379 380
379 399
379 376
379 389
379 367
379 368
379 370
380 376
380 385
380 367
380 379
380 370
380 394
380 368
380 378
380 389
380 364
381 389
381 365
381 392
381 393
381 378
381 395
381 362
381 385
381 382
381 361
382 361
382 389
382 376
382 392
382 393
382 388
382 362
382 397
382 385
382 378
383 373
383 363
383 376
383 362
383 388
383 392
383 360
383 377
383 397
383 386
384 363
384 383
384 398
384 396
384 372
384 360
384 387
384 373
384 386
384 366
385 362
385 376
385 393
385 388
385 380
385 381
385 389
385 361
385 378
385 382
386 398
386 366
386 387
386 360
386 383
386 363
386 373
386 397
386 377
386 384
387 363
387 383
387 398
387 396
387 372
387 360
387 384
387 373
387 386
387 366
388 379
388 393
388 383
388 389
388 362
388 382
388 377
388 397
388 392
388 376
389 397
389 382
389 388
389 379
389 393
389 370
389 378
389 368
389 380
389 376
390 361
390 381
390 385
390 389
390 368
390 380
390 391
390 378
390 394
390 364
391 367
391 379
391 389
391 380
391 378
391 390
391 370
391 368
391 364
391 394
392 397
392 383
392 388
392 382
392 377
392 393
392 395
392 369
392 365
392 362
393 377
393 388
393 389
393 397
393 382
393 369
393 395
393 392
393 365
393 362
394 367
394 379
394 391
394 368
394 390
394 380
394 364
394 370
394 378
394 389
395 361
395 397
395 393
395 392
395 388
395 377
395 362
395 382
395 369
395 365
396 370
396 376
396 397
396 360
396 379
396 399
396 367
396 372
396 398
396 373
397 389
397 383
397 376
397 360
397 393
397 377
397 372
397 388
397 398
397 392
398 399
398 367
398 372
398 379
398 360
398 377
398 376
398 396
398 397
398 373
399 397
399 389
399 376
399 368
399 370
399 379
399 367
399 396
399 372
399 398
400 429
400 426
400 428
400 432
400 418
400 417
400 435
400 404
400 414
400 433
401 417
401 433
401 432
401 419
401 426
401 429
401 431
401 434
401 435
401 411
402 419
402 439
402 410
402 438
402 408
402 407
402 416
402 413
402 428
402 412
403 204
403 436
403 437
403 430
403 405
403 423
403 424
403 421
403 422
403 427
404 414
404 410
404 407
404 429
404 412
404 419
404 409
404 428
404 432
404 433
405 204
405 430
405 423
405 403
405 421
405 422
405 424
405 437
405 436
405 427
406 410
406 404
406 401
406 420
406 429
406 433
406 435
406 425
406 426
406 431
407 412
407 413
407 404
407 410
407 438
407 439
407 409
407 429
407 414
407 428
408 432
408 412
408 402
408 428
408 439
408 418
408 416
408 413
408 414
408 407
409 426
409 425
409 429
409 428
409 433
409 410
409 404
409 407
409 414
409 439
410 420
410 426
410 429
410 407
410 434
410 404
410 409
410 439
410 414
410 412
411 426
411 404
411 415
411 412
411 431
411 432
411 419
411 429
411 434
411 401
412 434
412 410
412 428
412 411
412 432
412 402
412 407
412 404
412 429
412 419
413 419
413 418
413 416
413 412
413 408
413 402
413 404
413 432
413 428
413 407
414 432
414 410
414 409
414 434
414 407
414 439
414 428
414 429
414 404
414 433
415 419
415 434
415 420
415 429
415 418
415 401
415 407
415 414
415 439
415 411
416 410
416 418
416 402
416 438
416 428
416 407
416 439
416 413
416 414
416 408
417 419
417 404
417 426
417 425
417 400
417 432
417 433
417 435
417 401
417 431
418 414
418 429
418 408
418 439
418 400
418 413
418 407
418 415
418 428
418 438
419 407
419 428
419 433
419 434
419 401
419 404
419 412
419 429
419 411
419 432
420 414
420 435
420 411
420 415
420 419
420 429
420 401
420 434
420 426
420 410
421 204
421 436
421 437
421 403
421 405
421 422
421 424
421 427
421 430
421 423
422 204
422 436
422 437
422 403
422 405
422 421
422 423
422 427
422 430
422 424
423 204
423 436
423 437
423 403
423 405
423 421
423 422
423 427
423 430
423 424
424 204
424 436
424 437
424 430
424 405
424 423
424 403
424 421
424 422
424 427
425 428
425 414
425 431
425 417
425 409
425 435
425 426
425 406
425 433
425 404
426 434
426 410
426 409
426 431
426 433
426 425
426 435
426 406
426 401
426 429
427 204
427 436
427 437
427 430
427 405
427 423
427 424
427 403
427 421
427 422
428 409
428 419
428 414
428 439
428 433
428 408
428 404
428 413
428 407
428 432
429 432
429 410
429 420
429 419
429 409
429 407
429 426
429 434
429 401
429 411
430 204
430 437
430 436
430 405
430 403
430 421
430 422
430 423
430 424
430 427
431 432
431 426
431 406
431 419
431 429
431 417
431 433
431 435
431 401
431 411
432 409
432 417
432 412
432 411
432 419
432 428
432 429
432 404
432 401
432 433
433 431
433 435
433 426
433 428
433 419
433 432
433 417
433 404
433 409
433 425
434 439
434 414
434 415
434 407
434 401
434 411
434 420
434 410
434 429
434 419
435 404
435 429
435 400
435 425
435 417
435 431
435 406
435 401
435 433
435 426
436 204
436 430
436 423
436 403
436 405
436 421
436 422
436 424
436 437
436 427
437 204
437 430
437 427
437 423
437 422
437 421
437 436
437 424
437 405
437 403
438 418
438 412
438 410
438 439
438 407
438 413
438 416
438 428
438 414
438 409
439 416
439 415
439 429
439 434
439 428
439 410
439 409
439 438
439 414
439 407
440 736
440 743
440 442
440 463
440 448
440 472
440 451
440 461
440 467
440 479
441 452
441 478
441 471
441 466
441 460
441 456
441 443
441 447
441 454
441 453
442 743
442 691
442 472
442 467
442 463
442 479
442 461
442 448
442 451
442 440
443 471
443 478
443 456
443 454
443 460
443 466
443 441
443 444
443 447
443 453
444 478
444 471
444 456
444 447
444 454
444 460
444 441
444 466
444 443
444 453
445 462
445 450
445 470
445 473
445 457
445 469
445 449
445 455
445 458
445 465
446 535
446 550
446 556
446 459
446 474
446 557
446 476
446 477
446 555
446 468
447 443
447 466
447 453
447 452
447 478
447 456
447 471
447 441
447 454
447 460
448 736
448 691
448 472
448 440
448 451
448 467
448 479
448 461
448 463
448 442
449 456
449 471
449 478
449 445
449 452
449 458
449 465
449 469
449 457
449 455
450 447
450 452
450 460
450 465
450 462
450 478
450 458
450 445
450 473
450 470
451 743
451 442
451 736
451 463
451 448
451 467
451 461
451 472
451 479
451 440
452 455
452 453
452 465
452 441
452 471
452 447
452 460
452 456
452 478
452 454
453 452
453 443
453 466
453 478
453 447
453 454
453 456
453 460
453 471
453 441
454 443
454 466
454 453
454 452
454 478
454 456
454 471
454 441
454 447
454 460
455 456
455 478
455 471
455 452
455 445
455 449
455 457
455 469
455 465
455 458
456 466
456 465
456 452
456 478
456 441
456 460
456 453
456 471
456 454
456 447
457 456
457 471
457 478
457 445
457 452
457 458
457 465
457 469
457 449
457 455
458 462
458 450
458 470
458 473
458 457
458 469
458 449
458 455
458 445
458 465
459 535
459 550
459 556
459 557
459 555
459 474
459 476
459 477
459 446
459 468
460 443
460 466
460 452
460 453
460 478
460 456
460 441
460 454
460 447
460 471
461 736
461 691
461 442
461 463
461 472
461 451
461 448
461 467
461 440
461 479
462 447
462 460
462 452
462 465
462 478
462 470
462 445
462 458
462 473
462 450
463 743
463 691
463 472
463 467
463 442
463 479
463 461
463 448
463 451
463 440
464 456
464 454
464 447
464 460
464 441
464 453
464 466
464 475
464 444
464 443
465 456
465 478
465 457
465 455
465 452
465 449
465 471
465 445
465 469
465 458
466 471
466 478
466 456
466 454
466 460
466 441
466 443
466 444
466 447
466 453
467 736
467 743
467 442
467 463
467 448
467 472
467 451
467 461
467 440
467 479
468 535
468 550
468 474
468 446
468 476
468 477
468 459
468 557
468 556
468 555
469 456
469 478
469 471
469 452
469 445
469 449
469 455
469 465
469 457
469 458
470 460
470 455
470 452
470 478
470 465
470 462
470 458
470 450
470 445
470 473
471 455
471 453
471 456
471 454
471 460
471 465
471 452
471 478
471 447
471 441
472 743
472 442
472 736
472 463
472 448
472 467
472 461
472 479
472 451
472 440
473 460
473 455
473 478
473 465
473 445
473 452
473 458
473 462
473 450
473 470
474 535
474 550
474 556
474 555
474 459
474 477
474 468
474 557
474 446
474 476
475 456
475 460
475 447
475 454
475 441
475 453
475 464
475 466
475 444
475 443
476 535
476 550
476 556
476 557
476 555
476 474
476 477
476 446
476 459
476 468
477 535
477 550
477 556
477 557
477 555
477 474
477 476
477 446
477 459
477 468
478 455
478 465
478 454
478 452
478 471
478 447
478 460
478 441
478 456
478 453
479 736
479 691
479 448
479 463
479 442
479 472
479 451
479 461
479 440
479 467
480 513
480 515
480 505
480 485
480 509
480 500
480 499
480 498
480 496
480 519
481 486
481 519
481 517
481 483
481 515
481 513
481 505
481 491
481 510
481 485
482 490
482 514
482 492
482 504
482 502
482 495
482 487
482 484
482 511
482 508
483 486
483 519
483 517
483 515
483 481
483 513
483 505
483 491
483 510
483 485
484 490
484 514
484 492
484 504
484 502
484 495
484 487
484 511
484 482
484 508
485 517
485 513
485 491
485 480
485 515
485 519
485 505
485 498
485 496
485 481
486 505
486 515
486 517
486 491
486 481
486 513
486 483
486 514
486 510
486 490
487 490
487 514
487 492
487 504
487 502
487 495
487 484
487 511
487 482
487 508
488 487
488 511
488 508
488 504
488 495
488 516
488 518
488 492
488 494
488 497
489 435
489 406
489 431
489 425
489 417
489 742
489 493
489 721
489 506
489 512
490 505
490 515
490 513
490 491
490 481
490 517
490 514
490 483
490 510
490 486
491 486
491 519
491 517
491 483
491 515
491 481
491 513
491 505
491 510
491 485
492 514
492 518
492 482
492 484
492 502
492 487
492 495
492 508
492 511
492 504
493 435
493 406
493 506
493 512
493 425
493 489
493 431
493 417
493 742
493 721
494 487
494 511
494 508
494 504
494 495
494 488
494 516
494 518
494 492
494 497
495 514
495 518
495 482
495 504
495 484
495 487
495 492
495 508
495 511
495 502
496 481
496 515
496 505
496 499
496 500
496 480
496 509
496 485
496 498
496 519
497 487
497 511
497 504
497 508
497 518
497 516
497 495
497 492
497 494
497 488
498 513
498 515
498 505
498 485
498 509
498 480
498 500
498 499
498 496
498 519
499 481
499 515
499 485
499 505
499 519
499 480
499 509
499 498
499 496
499 500
500 481
500 515
500 485
500 505
500 519
500 480
500 499
500 509
500 498
500 496
501 107
501 83
501 81
501 105
501 171
501 173
501 184
501 115
501 503
501 507
502 490
502 514
502 492
502 504
502 495
502 487
502 484
502 511
502 482
502 508
503 107
503 83
503 81
503 105
503 171
503 173
503 184
503 115
503 501
503 507
504 514
504 518
504 482
504 484
504 495
504 487
504 492
504 508
504 511
504 502
505 496
505 510
505 519
505 485
505 515
505 483
505 513
505 491
505 517
505 481
506 435
506 406
506 431
506 425
506 742
506 489
506 721
506 417
506 493
506 512
507 25
507 185
507 184
507 81
507 90
507 174
507 171
507 115
507 503
507 501
508 514
508 518
508 482
508 504
508 484
508 495
508 487
508 492
508 511
508 502
509 481
509 515
509 485
509 505
509 519
509 480
509 499
509 498
509 496
509 500
510 505
510 515
510 517
510 483
510 486
510 514
510 513
510 490
510 491
510 481
511 514
511 518
511 482
511 504
511 484
511 495
511 487
511 492
511 508
511 502
512 435
512 406
512 431
512 425
512 417
512 742
512 493
512 721
512 506
512 489
513 486
513 519
513 517
513 483
513 515
513 481
513 505
513 491
513 510
513 485
514 505
514 515
514 481
514 513
514 491
514 517
514 483
514 510
514 486
514 490
515 496
515 510
515 519
515 485
515 483
515 513
515 505
515 491
515 517
515 481
516 487
516 511
516 508
516 504
516 495
516 488
516 518
516 492
516 494
516 497
517 486
517 519
517 483
517 515
517 481
517 513
517 505
517 491
517 510
517 485
518 502
518 484
518 508
518 482
518 487
518 504
518 495
518 511
518 497
518 492
519 517
519 513
519 491
519 480
519 515
519 485
519 505
519 498
519 496
519 481
520 521
520 553
520 548
520 522
520 534
520 541
520 542
520 546
520 547
520 531
521 520
521 542
521 548
521 553
521 549
521 541
521 529
521 543
521 546
521 554
522 529
522 541
522 524
522 553
522 534
522 548
522 542
522 520
522 547
522 531
523 199
523 226
523 552
523 544
523 540
523 559
523 537
523 533
523 526
523 545
524 547
524 525
524 530
524 527
524 548
524 520
524 522
524 531
524 534
524 536
525 534
525 536
525 522
525 530
525 524
525 532
525 551
525 528
525 527
525 539
526 199
526 226
526 552
526 544
526 540
526 559
526 537
526 533
526 523
526 545
527 548
527 522
527 536
527 528
527 530
527 539
527 534
527 524
527 525
527 551
528 522
528 524
528 536
528 532
528 527
528 538
528 530
528 525
528 539
528 551
529 547
529 541
529 549
529 554
529 553
529 521
529 542
529 543
529 546
529 548
530 534
530 538
530 524
530 527
530 525
530 528
530 532
530 536
530 539
530 551
531 554
531 546
531 553
531 548
531 534
531 541
531 542
531 522
531 520
531 547
532 534
532 524
532 527
532 528
532 525
532 538
532 536
532 551
532 539
532 530
533 163
533 199
533 552
533 523
533 526
533 537
533 540
533 544
533 545
533 559
534 554
534 541
534 553
534 546
534 522
534 542
534 524
534 531
534 548
534 520
535 200
535 230
535 216
535 227
535 222
535 557
535 550
535 555
535 556
535 558
536 532
536 531
536 539
536 520
536 527
536 522
536 534
536 551
536 530
536 524
537 163
537 226
537 552
537 533
537 526
537 523
537 540
537 544
537 545
537 559
538 522
538 524
538 528
538 530
538 527
538 525
538 536
538 539
538 551
538 532
539 522
539 524
539 527
539 536
539 538
539 532
539 530
539 528
539 525
539 551
540 199
540 226
540 552
540 544
540 559
540 537
540 533
540 526
540 523
540 545
541 549
541 521
541 548
541 553
541 531
541 547
541 542
541 520
541 546
541 554
542 521
542 520
542 529
542 548
542 553
542 531
542 547
542 541
542 546
542 554
543 547
543 548
543 554
543 553
543 521
543 529
543 541
543 542
543 546
543 549
544 199
544 226
544 552
544 540
544 559
544 537
544 533
544 526
544 523
544 545
545 163
545 199
545 552
545 523
545 526
545 533
545 537
545 540
545 544
545 559
546 520
546 553
546 529
546 531
546 548
546 521
546 541
546 542
546 543
546 554
547 529
547 522
547 546
547 554
547 548
547 553
547 542
547 541
547 520
547 531
548 529
548 541
548 522
548 546
548 553
548 534
548 542
548 520
548 547
548 531
549 548
549 554
549 553
549 521
549 547
549 529
549 541
549 542
549 543
549 546
550 230
550 216
550 222
550 227
550 200
550 555
550 556
550 557
550 558
550 535
551 534
551 524
551 538
551 536
551 525
551 532
551 527
551 528
551 539
551 530
552 163
552 199
552 523
552 526
552 533
552 537
552 540
552 544
552 545
552 559
553 520
553 521
553 546
553 529
553 531
553 548
553 541
553 542
553 547
553 554
554 547
554 549
554 553
554 548
554 546
554 529
554 541
554 542
554 543
554 521
555 236
555 200
555 216
555 227
555 222
555 558
555 556
555 550
555 535
555 557
556 230
556 200
556 216
556 222
556 227
556 557
556 535
556 550
556 555
556 558
557 230
557 200
557 216
557 558
557 222
557 227
557 535
557 555
557 556
557 550
558 166
558 222
558 210
558 172
558 230
558 556
558 555
558 550
558 535
558 557
559 163
559 199
559 552
559 523
559 526
559 533
559 537
559 540
559 544
559 545
560 585
560 565
560 593
560 579
560 566
560 563
560 562
560 588
560 561
560 583
561 585
561 565
561 593
561 579
561 566
561 563
561 562
561 588
561 560
561 583
562 588
562 593
562 560
562 561
562 563
562 565
562 566
562 579
562 585
562 583
563 588
563 593
563 560
563 561
563 562
563 565
563 566
563 579
563 585
563 583
564 588
564 583
564 561
564 560
564 599
564 571
564 598
564 574
564 575
564 590
565 588
565 593
565 560
565 561
565 562
565 563
565 566
565 579
565 585
565 583
566 588
566 593
566 560
566 561
566 562
566 563
566 565
566 579
566 585
566 583
567 582
567 572
567 99
567 102
567 587
567 581
567 578
567 576
567 589
567 592
568 174
568 589
568 587
568 567
568 576
568 582
568 172
568 570
568 572
568 578
569 595
569 586
569 594
569 580
569 585
569 597
569 584
569 577
569 591
569 573
570 174
570 589
570 587
570 567
570 576
570 568
570 582
570 172
570 572
570 578
571 596
571 588
571 598
571 599
571 560
571 561
571 574
571 575
571 590
571 583
572 174
572 589
572 587
572 567
572 576
572 568
572 582
572 172
572 570
572 578
573 595
573 586
573 594
573 580
573 585
573 597
573 584
573 577
573 569
573 591
574 596
574 571
574 590
574 560
574 561
574 575
574 598
574 583
574 599
574 588
575 596
575 571
575 574
575 590
575 560
575 561
575 598
575 583
575 599
575 588
576 582
576 572
576 99
576 102
576 587
576 581
576 578
576 589
576 592
576 567
577 585
577 595
577 584
577 573
577 594
577 569
577 580
577 591
577 586
577 597
578 582
578 572
578 99
578 102
578 587
578 581
578 576
578 589
578 592
578 567
579 588
579 593
579 560
579 561
579 562
579 563
579 565
579 566
579 585
579 583
580 561
580 596
580 593
580 562
580 595
580 565
580 566
580 579
580 585
580 563
581 118
581 103
581 99
581 102
581 589
581 587
581 578
581 567
581 576
581 592
582 174
582 589
582 587
582 567
582 576
582 568
582 172
582 570
582 572
582 578
583 585
583 565
583 593
583 579
583 566
583 563
583 562
583 588
583 560
583 561
584 595
584 586
584 594
584 580
584 585
584 597
584 577
584 569
584 591
584 573
585 583
585 561
585 560
585 595
585 562
585 593
585 565
585 566
585 579
585 563
586 585
586 595
586 584
586 573
586 594
586 577
586 569
586 580
586 591
586 597
587 582
587 572
587 99
587 102
587 581
587 578
587 576
587 589
587 592
587 567
588 585
588 565
588 593
588 579
588 566
588 563
588 562
588 583
588 560
588 561
589 582
589 572
589 99
589 102
589 587
589 581
589 578
589 576
589 592
589 567
590 596
590 571
590 574
590 560
590 561
590 575
590 598
590 583
590 599
590 588
591 585
591 595
591 584
591 573
591 594
591 577
591 569
591 580
591 586
591 597
592 118
592 103
592 102
592 578
592 99
592 576
592 567
592 587
592 581
592 589
593 588
593 560
593 561
593 562
593 563
593 565
593 566
593 579
593 585
593 583
594 585
594 595
594 584
594 573
594 577
594 569
594 580
594 591
594 586
594 597
595 583
595 585
595 566
595 579
595 563
595 565
595 562
595 580
595 593
595 596
596 560
596 561
596 583
596 579
596 565
596 566
596 562
596 563
596 595
596 593
597 585
597 595
597 584
597 573
597 594
597 577
597 569
597 580
597 591
597 586
598 596
598 571
598 574
598 590
598 560
598 561
598 575
598 583
598 599
598 588
599 566
599 562
599 565
599 593
599 588
599 596
599 560
599 561
599 571
599 583
600 632
600 622
600 617
600 630
600 629
600 633
600 612
600 618
600 609
600 615
601 612
601 629
601 616
601 618
601 630
601 608
601 609
601 600
601 622
601 610
602 635
602 619
602 634
602 611
602 607
602 631
602 604
602 614
602 626
602 637
603 613
603 606
603 604
603 626
603 602
603 624
603 631
603 635
603 611
603 605
604 603
604 611
604 605
604 626
604 619
604 631
604 614
604 607
604 637
604 602
605 621
605 602
605 620
605 624
605 627
605 603
605 631
605 611
605 635
605 604
606 602
606 603
606 624
606 613
606 626
606 627
606 631
606 611
606 635
606 605
607 628
607 625
607 611
607 631
607 614
607 604
607 634
607 602
607 637
607 626
608 633
608 612
608 629
608 617
608 632
608 600
608 609
608 610
608 618
608 615
609 630
609 615
609 633
609 617
609 608
609 612
609 600
609 629
609 632
609 618
610 633
610 630
610 632
610 629
610 616
610 618
610 609
610 608
610 601
610 600
611 637
611 627
611 631
611 620
611 621
611 602
611 634
611 635
611 603
611 613
612 609
612 629
612 630
612 618
612 623
612 633
612 616
612 600
612 636
612 622
613 617
613 634
613 620
613 605
613 603
613 606
613 621
613 627
613 635
613 611
614 611
614 603
614 639
614 607
614 625
614 626
614 631
614 604
614 637
614 602
615 619
615 623
615 629
615 621
615 620
615 617
615 600
615 635
615 612
615 609
616 632
616 628
616 629
616 630
616 638
616 633
616 612
616 636
616 622
616 618
617 634
617 629
617 621
617 633
617 623
617 612
617 609
617 600
617 615
617 620
618 619
618 628
618 630
618 609
618 612
618 629
618 633
618 632
618 636
618 616
619 612
619 602
619 620
619 632
619 633
619 634
619 628
619 636
619 623
619 621
620 615
620 633
620 617
620 612
620 621
620 619
620 634
620 635
620 611
620 623
621 631
621 613
621 602
621 632
621 623
621 634
621 635
621 611
621 619
621 620
622 600
622 623
622 618
622 638
622 629
622 616
622 612
622 636
622 630
622 633
623 635
623 615
623 636
623 629
623 633
623 621
623 612
623 634
623 620
623 619
624 626
624 635
624 602
624 631
624 613
624 611
624 603
624 606
624 627
624 605
625 605
625 602
625 603
625 604
625 607
625 614
625 626
625 631
625 637
625 639
626 625
626 634
626 603
626 631
626 611
626 614
626 604
626 607
626 637
626 602
627 620
627 634
627 621
627 603
627 624
627 605
627 635
627 606
627 611
627 613
628 623
628 612
628 638
628 616
628 636
628 619
628 634
628 618
628 632
628 633
629 623
629 630
629 612
629 600
629 633
629 622
629 618
629 616
629 609
629 632
630 632
630 618
630 600
630 629
630 633
630 622
630 612
630 636
630 638
630 616
631 607
631 626
631 611
631 635
631 614
631 637
631 603
631 605
631 604
631 602
632 616
632 621
632 612
632 629
632 636
632 628
632 609
632 633
632 619
632 618
633 638
633 629
633 619
633 630
633 632
633 618
633 616
633 636
633 628
633 612
634 637
634 607
634 635
634 602
634 628
634 611
634 623
634 621
634 619
634 620
635 619
635 602
635 634
635 603
635 605
635 631
635 621
635 611
635 613
635 620
636 628
636 632
636 619
636 618
636 622
636 633
636 630
636 616
636 612
636 638
637 603
637 625
637 634
637 611
637 631
637 604
637 626
637 607
637 614
637 602
638 632
638 618
638 630
638 619
638 628
638 633
638 622
638 612
638 636
638 616
639 624
639 603
639 631
639 602
639 614
639 607
639 625
639 626
639 604
639 637
640 661
640 679
640 673
640 668
640 653
640 659
640 644
640 643
640 641
640 671
641 653
641 673
641 669
641 671
641 660
641 668
641 644
641 643
641 679
641 661
642 654
642 672
642 664
642 646
642 665
642 670
642 662
642 657
642 650
642 675
643 644
643 647
643 669
643 671
643 668
643 673
643 679
643 659
643 653
643 661
644 661
644 679
644 673
644 659
644 671
644 643
644 653
644 641
644 640
644 668
645 660
645 667
645 656
645 661
645 658
645 677
645 678
645 679
645 649
645 652
646 672
646 664
646 654
646 642
646 662
646 674
646 657
646 675
646 650
646 665
647 659
647 658
647 648
647 643
647 668
647 677
647 661
647 679
647 673
647 669
648 668
648 677
648 649
648 659
648 673
648 669
648 661
648 656
648 643
648 647
649 647
649 660
649 669
649 679
649 658
649 645
649 677
649 661
649 667
649 656
650 655
650 666
650 657
650 672
650 646
650 665
650 675
650 664
650 642
650 662
651 662
651 655
651 646
651 672
651 666
651 657
651 664
651 674
651 663
651 654
652 647
652 661
652 658
652 677
652 645
652 667
652 649
652 656
652 678
652 676
653 661
653 641
653 669
653 673
653 668
653 644
653 643
653 659
653 640
653 671
654 663
654 666
654 642
654 650
654 670
654 662
654 674
654 664
654 646
654 651
655 651
655 665
655 675
655 650
655 674
655 662
655 666
655 657
655 672
655 664
656 648
656 669
656 658
656 645
656 647
656 677
656 649
656 678
656 661
656 667
657 646
657 675
657 665
657 662
657 650
657 655
657 674
657 672
657 666
657 664
658 645
658 668
658 643
658 647
658 669
658 677
658 660
658 679
658 649
658 661
659 668
659 653
659 644
659 643
659 673
659 679
659 640
659 661
659 671
659 647
660 647
660 643
660 649
660 669
660 641
660 677
660 658
660 679
660 668
660 661
661 673
661 649
661 643
661 660
661 677
661 647
661 679
661 658
661 669
661 668
662 655
662 665
662 657
662 672
662 646
662 642
662 650
662 675
662 664
662 666
663 662
663 655
663 646
663 664
663 654
663 672
663 674
663 651
663 657
663 666
664 651
664 654
664 642
664 646
664 674
664 666
664 657
664 662
664 650
664 672
665 655
665 666
665 664
665 657
665 646
665 672
665 662
665 642
665 675
665 650
666 675
666 646
666 651
666 662
666 650
666 674
666 655
666 672
666 664
666 657
667 661
667 652
667 660
667 658
667 656
667 679
667 677
667 678
667 649
667 645
668 644
668 660
668 647
668 643
668 679
668 661
668 673
668 641
668 669
668 671
669 649
669 658
669 679
669 641
669 677
669 643
669 673
669 668
669 661
669 647
670 657
670 666
670 665
670 675
670 664
670 642
670 646
670 662
670 650
670 654
671 661
671 673
671 659
671 669
671 641
671 640
671 643
671 668
671 653
671 644
672 646
672 675
672 674
672 650
672 655
672 657
672 662
672 664
672 666
672 665
673 679
673 659
673 641
673 643
673 669
673 668
673 647
673 661
673 653
673 671
674 662
674 663
674 655
674 646
674 657
674 666
674 654
674 672
674 664
674 651
675 655
675 666
675 657
675 672
675 664
675 642
675 665
675 646
675 662
675 650
676 658
676 647
676 648
676 677
676 649
676 667
676 652
676 678
676 656
676 645
677 647
677 669
677 649
677 661
677 667
677 660
677 658
677 656
677 679
677 645
678 660
678 661
678 677
678 676
678 658
678 649
678 656
678 667
678 652
678 645
679 649
679 647
679 643
679 641
679 669
679 677
679 660
679 658
679 661
679 668
680 688
680 692
680 701
680 691
680 689
680 684
680 681
680 711
680 713
680 716
681 712
681 685
681 702
681 690
681 718
681 683
681 692
681 709
681 698
681 717
682 698
682 718
682 690
682 699
682 702
682 684
682 712
682 716
682 717
682 685
683 711
683 703
683 715
683 717
683 718
683 688
683 681
683 697
683 709
683 698
684 709
684 685
684 712
684 702
684 682
684 690
684 699
684 692
684 716
684 698
685 718
685 717
685 709
685 681
685 702
685 716
685 692
685 712
685 698
685 690
686 697
686 712
686 702
686 716
686 717
686 690
686 685
686 699
686 682
686 696
687 697
687 684
687 718
687 699
687 682
687 698
687 686
687 696
687 705
687 716
688 702
688 717
688 697
688 709
688 703
688 691
688 711
688 681
688 715
688 683
689 688
689 692
689 701
689 691
689 684
689 681
689 711
689 680
689 713
689 716
690 718
690 717
690 709
690 681
690 702
690 716
690 692
690 712
690 698
690 685
691 697
691 709
691 693
691 704
691 703
691 683
691 711
691 688
691 715
691 681
692 717
692 685
692 702
692 712
692 681
692 709
692 690
692 716
692 698
692 718
693 709
693 681
693 697
693 688
693 691
693 683
693 704
693 703
693 715
693 711
694 111
694 85
694 719
694 707
694 95
694 89
694 87
694 700
694 695
694 708
695 111
695 85
695 89
695 95
695 719
695 87
695 694
695 707
695 708
695 700
696 697
696 712
696 702
696 716
696 717
696 690
696 686
696 685
696 699
696 682
697 690
697 685
697 702
697 681
697 698
697 683
697 718
697 717
697 715
697 709
698 690
698 712
698 685
698 681
698 702
698 717
698 709
698 716
698 718
698 692
699 698
699 718
699 690
699 702
699 684
699 712
699 682
699 716
699 717
699 685
700 111
700 85
700 89
700 95
700 719
700 87
700 694
700 707
700 708
700 695
701 688
701 692
701 691
701 689
701 684
701 681
701 711
701 680
701 713
701 716
702 718
702 717
702 709
702 681
702 716
702 692
702 712
702 698
702 690
702 685
703 702
703 717
703 697
703 709
703 691
703 711
703 688
703 681
703 715
703 683
704 709
704 681
704 697
704 688
704 691
704 683
704 703
704 715
704 693
704 711
705 697
705 684
705 718
705 699
705 682
705 698
705 686
705 696
705 687
705 716
706 576
706 172
706 195
706 99
706 102
706 103
706 110
706 166
706 118
706 160
707 111
707 87
707 719
707 89
707 85
707 694
707 95
707 708
707 700
707 695
708 111
708 694
708 707
708 719
708 95
708 89
708 87
708 695
708 85
708 700
709 690
709 702
709 712
709 697
709 717
709 718
709 683
709 681
709 692
709 698
710 717
710 715
710 711
710 703
710 688
710 697
710 683
710 691
710 704
710 693
711 702
711 717
711 697
711 709
711 703
711 691
711 688
711 681
711 715
711 683
712 718
712 717
712 709
712 681
712 702
712 716
712 692
712 698
712 690
712 685
713 688
713 692
713 701
713 691
713 689
713 684
713 681
713 711
713 680
713 716
714 690
714 712
714 688
714 685
714 684
714 699
714 682
714 715
714 703
714 711
715 681
715 697
715 709
715 698
715 717
715 718
715 688
715 683
715 711
715 703
716 717
716 718
716 709
716 690
716 702
716 698
716 685
716 712
716 684
716 692
717 690
717 702
717 681
717 697
717 718
717 683
717 698
717 712
717 709
717 685
718 712
718 702
718 716
718 692
718 683
718 709
718 717
718 698
718 697
718 681
719 111
719 85
719 87
719 89
719 95
719 694
719 708
719 707
719 695
719 700
720 741
720 730
720 737
720 735
720 756
720 725
720 722
720 754
720 727
720 734
721 743
721 736
721 725
721 734
721 723
721 733
721 759
721 740
721 731
721 742
722 755
722 734
722 727
722 741
722 724
722 720
722 737
722 730
722 754
722 735
723 749
723 742
723 731
723 740
723 759
723 721
723 758
723 757
723 733
723 729
724 750
724 727
724 754
724 722
724 751
724 730
724 741
724 739
724 737
724 752
725 742
725 733
725 735
725 754
725 727
725 756
725 740
725 734
725 720
725 731
726 724
726 734
726 754
726 758
726 737
726 757
726 733
726 750
726 727
726 739
727 757
727 739
727 750
727 737
727 720
727 725
727 734
727 733
727 722
727 754
728 721
728 725
728 742
728 746
728 736
728 740
728 756
728 743
728 744
728 747
729 721
729 739
729 731
729 726
729 733
729 750
729 749
729 758
729 757
729 723
730 755
730 741
730 735
730 720
730 724
730 754
730 752
730 751
730 737
730 722
731 736
731 727
731 723
731 759
731 734
731 721
731 740
731 733
731 742
731 725
732 753
732 724
732 722
732 751
732 745
732 755
732 741
732 730
732 735
732 752
733 725
733 721
733 726
733 759
733 758
733 734
733 727
733 731
733 750
733 757
734 750
734 733
734 741
734 735
734 722
734 737
734 725
734 754
734 727
734 720
735 725
735 744
735 730
735 741
735 734
735 755
735 754
735 720
735 756
735 722
736 735
736 720
736 754
736 721
736 746
736 734
736 743
736 725
736 731
736 744
737 735
737 720
737 722
737 727
737 730
737 754
737 750
737 739
737 734
737 724
738 747
738 729
738 740
738 759
738 721
738 731
738 742
738 723
738 748
738 749
739 734
739 754
739 737
739 724
739 758
739 733
739 750
739 727
739 726
739 757
740 754
740 727
740 720
740 759
740 733
740 731
740 721
740 742
740 734
740 725
741 756
741 737
741 730
741 720
741 734
741 722
741 754
741 732
741 735
741 755
742 733
742 734
742 744
742 747
742 759
742 721
742 725
742 731
742 728
742 740
743 735
743 720
743 754
743 721
743 746
743 734
743 736
743 725
743 731
743 744
744 741
744 734
744 725
744 736
744 743
744 756
744 735
744 728
744 747
744 746
745 720
745 754
745 735
745 755
745 732
745 753
745 752
745 751
745 741
745 730
746 755
746 720
746 725
746 735
746 747
746 744
746 743
746 756
746 728
746 736
747 721
747 725
747 742
747 746
747 736
747 740
747 756
747 743
747 728
747 744
748 733
748 729
748 742
748 759
748 740
748 721
748 731
748 738
748 749
748 723
749 740
749 758
749 721
749 757
749 729
749 723
749 748
749 731
749 759
749 733
750 724
750 754
750 734
750 737
750 727
750 733
750 726
750 758
750 739
750 757
751 754
751 741
751 735
751 722
751 752
751 755
751 732
751 724
751 730
751 737
752 754
752 741
752 735
752 722
752 755
752 732
752 724
752 730
752 737
752 751
753 758
753 754
753 730
753 732
753 724
753 743
753 737
753 736
753 755
753 741
754 733
754 720
754 722
754 734
754 727
754 730
754 741
754 737
754 735
754 725
755 756
755 720
755 751
755 735
755 752
755 722
755 732
755 730
755 741
755 754
756 734
756 755
756 722
756 741
756 754
756 744
756 746
756 735
756 725
756 720
757 754
757 733
757 734
757 750
757 739
757 758
757 729
757 727
757 726
757 737
758 754
758 737
758 739
758 726
758 734
758 733
758 750
758 757
758 729
758 727
759 726
759 727
759 734
759 731
759 733
759 725
759 723
759 742
759 721
759 740
760 781
760 776
760 799
760 771
760 793
760 783
760 782
760 789
760 761
760 775
761 781
761 776
761 799
761 771
761 793
761 783
761 782
761 789
761 760
761 775
762 778
762 764
762 777
762 769
762 787
762 786
762 797
762 794
762 765
762 790
763 795
763 784
763 785
763 764
763 766
763 767
763 798
763 791
763 796
763 792
764 794
764 792
764 784
764 791
764 787
764 786
764 778
764 797
764 777
764 769
765 778
765 764
765 777
765 769
765 787
765 786
765 797
765 794
765 790
765 762
766 798
766 770
766 774
766 767
766 768
766 791
766 792
766 796
766 785
766 763
767 764
767 763
767 796
767 792
767 778
767 791
767 773
767 784
767 795
767 798
768 791
768 766
768 767
768 792
768 763
768 773
768 796
768 770
768 774
768 785
769 777
769 790
769 795
769 784
769 787
769 794
769 786
769 764
769 797
769 778
770 773
770 767
770 791
770 792
770 768
770 766
770 763
770 796
770 785
770 774
771 781
771 782
771 760
771 775
771 761
771 793
771 789
771 776
771 783
771 799
772 793
772 783
772 782
772 789
772 788
772 779
772 781
772 761
772 760
772 775
773 763
773 796
773 769
773 792
773 791
773 778
773 795
773 767
773 798
773 784
774 773
774 767
774 791
774 792
774 768
774 766
774 763
774 796
774 785
774 770
775 776
775 781
775 771
775 799
775 793
775 782
775 783
775 789
775 761
775 760
776 781
776 782
776 775
776 760
776 761
776 793
776 789
776 783
776 771
776 799
777 784
777 787
777 791
777 792
777 786
777 794
777 764
777 778
777 797
777 769
778 787
778 791
778 764
778 786
778 798
778 767
778 797
778 769
778 795
778 784
779 783
779 789
779 782
779 788
779 793
779 772
779 781
779 761
779 760
779 775
780 782
780 775
780 760
780 789
780 793
780 783
780 761
780 799
780 771
780 776
781 799
781 772
781 783
781 782
781 793
781 789
781 779
781 761
781 760
781 775
782 779
782 799
782 771
782 781
782 793
782 783
782 789
782 761
782 760
782 775
783 781
783 782
783 776
783 760
783 761
783 775
783 771
783 799
783 793
783 789
784 786
784 769
784 791
784 792
784 764
784 778
784 795
784 767
784 773
784 798
785 798
785 767
785 791
785 792
785 770
785 763
785 774
785 796
785 766
785 768
786 765
786 784
786 790
786 787
786 794
786 764
786 778
786 797
786 777
786 769
787 790
787 765
787 784
787 786
787 794
787 764
787 778
787 797
787 777
787 769
788 793
788 783
788 782
788 789
788 772
788 779
788 781
788 761
788 760
788 775
789 781
789 776
789 771
789 799
789 793
789 782
789 783
789 761
789 760
789 775
790 778
790 764
790 777
790 769
790 787
790 786
790 797
790 762
790 765
790 794
791 766
791 778
791 795
791 764
791 784
791 767
791 798
791 763
791 796
791 792
792 766
792 778
792 795
792 784
792 798
792 767
792 764
792 763
792 796
792 791
793 781
793 776
793 782
793 760
793 761
793 775
793 789
793 771
793 799
793 783
794 762
794 778
794 764
794 777
794 787
794 790
794 765
794 769
794 797
794 786
795 786
795 764
795 792
795 769
795 791
795 778
795 767
795 773
795 798
795 784
796 777
796 795
796 784
796 764
796 766
796 767
796 798
796 791
796 792
796 763
797 784
797 790
797 787
797 786
797 764
797 794
797 765
797 778
797 777
797 769
798 796
798 769
798 791
798 792
798 764
798 778
798 795
798 767
798 773
798 784
799 781
799 782
799 760
799 775
799 761
799 776
799 789
799 783
799 771
799 793
